288 111. Index

5511515553. 1515, 51, 5; 55, 11; 5151151555, 5. 11 ; lapides

21; 63, 13; 64, ,22 9617221155, petrobolos 94, 15
iugulos in hostiles ire 63, 2 ¹ lapsus meos 156, 9, 5555 156, 2
iugum seruile 24, 1 largitus 556 55651 33, 17
iungere scismaticos 555156151513,4 , 156515 sub silentio 22, 8, inter 30, ’

551·.22,15,511’5115“151,2,51155611 12, 15 50, 13, 155, 4, 157, 5,

9512, 104, 5, iungi 42, 13 , 157, 55511 138, 19, quem latet 73, 12;

2; 55115 capitum 155565 66, 9 181, 19. 21, 15 latenti 5515515
151515 551 59, 11. 14, 16. 18 , 60, 145, 2, fugare 51156515 162, 5

1, 77, 10. 11, 86, 18 lateribus desudatis 136, 1
in iuratione (= iurando) 59, 13 (cfr. latina lingue 72, 17, quod 556 15-

, 16611555215555165605551. 1884, tinum 69, 12

401) 1561611115 regnorum 33, 21
155 matrimonii 11, 19 156156 ex nominibus inuidia 86, 20
155515 dei 64, 20, 89, 9, 147, 10, 15615 54, 2, 58, 13. 14, 85, 21,,22,
diuina 23, 12, 88, 16, cfr. 82, 95, 1419, 141, 8, latronibus (=
. 6; 112, 12. 13, 131, 6, 139,13; homicidis) se tradere 21, 8
179, 3 155551515110, 11, 120, 13, 124, 14.
1556165515 57, 7 19. 24, 128, 13, 154, 14
15561555555551151106, 20 155515 aliquem 128, 6, 139, 13,
15561615 59, 3, 1165, 27 aquam 154, 16, 55115655 58, 1,
155655 165, 28 515, 181,25,111561 153, 15, 154, 18, terram 153,
47,2; 71,10; 166, 2, 177, 20 - 18, 551155 (codicem) 153, 5. 9
15565 (= 1515)47,10, cfr. 165. 17 bia· 551155 124, 4. 8. 11, cfr.
iuuare: 151515 iuuante 53, 6 128,16; 153, 7, 154, 11. 23 on,
iuuenes 140, 18 5511155 128, 11, 155511 128, 3. 14,
151655. aecus. 62, 17, 103, 2 139, 14, 154, 21. 22, 15655 113,
13, 125, 3. 9. 13, 139, 16, 154,
Labi' 156, 4, 15551 (55155551 55. 15, 155, 3, 5555155106,13,124,
traditores turifiootores) 27, 6, 21, 125, 10, 127, 22, 128, 6. 8.
65, 5, 115 5561151155 177, 13 18, 139, 16. 18
labor 62, 21, 157, 10 laudare (opp. damnare) 12, 1; bone
laborare 115 5551565 138, 10, aba. 121,17,511.5, 17 , 35, 15. 20,
29, 4, 56119, 15, 515515. 22, 47, 24, 59, 4. 10, 87, 17, 138,
21, 34, 15, 54, 13, 75, 9, 144, 5, 154, 6, 172, 21,,180, 17
17 1555 7, 9, 8, 9, 10, 22, 30, 10, 41,
15551515 51155555 101, 10, 15551561 3,121.12, 122, 1. 8, 13918,
5551151119, 4, 5111538 laudes 35, 21, 483 .
lacrimas 155515 1155 4, 43 70, 2, 11, lectio: (=liber 551 libri locus) 55-
iudicare, siccari trierobarum69,2;Genaseorum172,
15555 1156116555114, 19; 115, 6. 13, 8,55555555551556155556155156105,
116, 3, fodiantur 115, 9, caueri 14, lectiones dominicas 107, 12,
115, 10, effossi 116, 3. 18 cfr. 108, 2. 6, 110, 1, 116, 11,
laedendus 55555 515686, 24 121, 16,Ι 132, 18, 139, 12, 147,
1556511 re 50, 6, quod 164, 2 21, 22, 152, 14, 170, 20, 177,2
1556161515 erubescendam 49, 17 15565121, 14, 165, 14, 167, 25
1515161, 19, 178, 20, 180, 4 legalibus sacramentis 11, 19
1555 134, 6. 8, 150, 10 legera apostolum 62, 3, 14015,
languere 59, 17, 145, 18 testamentum 94,2 , 1556151155 147,
laniare membra 5551551115 51, 8 ; 144, 21. 22, 515555 78, 9, 55156515530,
10, 55555 (1515155154, 3 14, 148, 1, 5511655615 1551611128,
lapideae tabulae 161, 15 11, 1515561555 legitur 69, 2, cfr.
15515 95, 10, 149, 8, 15 fontem 38, 139, 12, 1556515 556 10421, 105,

 

