1151651515 56 locutionum. 273

erubescenda 49, 17, 57, 13, 5. 97,-τ511548, 15, 53,19,141
infin. 156, 6, absolute 86 10, 44, 11, sensu 51755155634,15;57,
9, 159, 16 5, 69, 7, 178, 14, 56-56 uel
5111515 (511 6111115111 ueritatem 6, 8 saepius 1555655156, 16, 95, 6,
(571. 45415617.,19,3511151135511511 31, 10, 53, 6, 60, 4. 5, 78, 5 ,
65615 656151 adire) 9, 18-20'; 80, 4, 99, 9, 103, 8.
5555 55555515555555611,15,·,944 151516,5111151451.
555 14 6510191998 4 8 169345 166,.78.14,
138, 6. 96· 169', 14. 15, 170, 5, 177, 9. 10· 178,11, 1815555-
1155615111 556 55, 90 675, 571. 31, 5151, 56-5615111-56 47, 6, 56-56
9, 5. 56756. 11, 19, 196, 91, 111· non 160,6.’7, 56-11111111547,8,
5561155565 150, 7, 5551191119. 18117, 561161113917, 56-56
17, 19, 9, 39, 16. 1999,1151 est -5611511197, 9. 10, 56-1155 31,

(= sonat) 6511164, 15, 5111531,
10, 19710, 15130 1511111111
est 115551565119955111 5551551599 73,
90,111(--655656511164,7; (=

1115555174, 8.,9 138, 7,1,51
9,161, 14, quan 5111 111 nobis
55615, 4. 5, 571. 88, 8, 5555
111 5555565 45,15, 111 manibus
1,48 8,111555151151341.9,51
55 5565151151 69, 99, ex corpore
1975· 5;=( abesse. (1155151115 5555)
89,1,1 166, 94· cfr. 511111111111115
556 de lege (= 65556 . ,1 166, 14,
4: 11515555) non 556 contemnere
iscip 11115111 106, 4. 7. 10 13. 16.
90, 571. 1155 556 6315515 57, 3, =
51156515 91 16. 18, 130, 6,131,,
9,169,11,170,1,173,90,--

6556511511 69, 91,(ε115561 556

4, 89,10,196,15; 56..151511511
...1155...55(1 145, 19; 56551115
91, 19, 5611511 (ε55 non potius)
13, 17, 90, 9, 33, 1, 35, 15,571.
43, 10. 14, 45, 5, 51, 6, 80, 2,
86, 7, 108, 9, 19917, 134, 13,
148, 5. 19, 160, 8. 96. 39, 161,
10. 97 , 16617, 180, 95, 561155-
quam 88, 10, 56115 uiderentur
24, 17, cfr. 40, 9, 79, 6, 144,
15, ettamen saepius 4, 16, 8,
15, 93, 7, 60, 7, 85, 16, 130,
15, 56 65111511 .. 1155 . . . 551193, 16,
5665111511 non 19913, 173, 19,
551151555515561111155155 19. 18,
571.107,9,56511111(11551578,8
u. polysyndeton

41 etenim 49913, 50, 8, 5610, 116,

3,119,11, 1243

tempus discendi 1115511115 114, 3, 59615111 saepissime uelut 8,15,99,

(= 15651515, 8, 197, 6, 51165
556190, 17 , 516 quod inputet 95,
3, 556565 97, 19, 98, 16, 155-
556514811, 1165115556 (-=erunt)
197,13,11161111151 5156116 104,
3, 5557651615 5151115156 9919,

14. 90· 39, 94, 53,11;69,,9
80, 91, 99, 11; 109, 4, 190,11· ,
149, 3, 5615111 .. non 10, 19,
(-- uel) (156165 stiam maxima 89,
10, 571. 60, 17, 99, 13, 146, 6,
159, 9, 173, 95, etiam 5611115

longe 511116(ε99565111161689,11 199, 6, 5615111 561551 159, 17
55111115 6555155 63, 13 etiamsi esset 74, 10
5655555655, tertio 7555. 5151656 55 5651 5.155715.56,18;5,55515551.
55155555 56 1151515598 571.11,141,19·517551555 (55161515.)
9,13, 13,16,9, 174· 9119, 5551115111, 104,19,190, 18
95, 17, 47, 3, 49,1, 53, 9,61, 5155555165551511961511179, 16

11, 64, 99, 71,10, 80, 1, 94, euadere absol. 65, 5, 9719, 5115-
15, 96, 10. 17, 137, 6, 13817, 51555 5615111115 89, ll

145, 16,169,30.31,174,6;-·-- euangelica praecepta 169, 5
561515 5555155155 557566, 7. 9. euangelium (555. conuicium) 167,
91, 15, 9, 90, 9, 30,11, 44,,9 14, saepissime 5515641, 16, 56,
59, 16. 19, 64, 7, 71, 18· 199,·18,79,,4 89, 18615, 97, 13; 199,
99, 161. 14; 561555 5555155 48 1, 154, 6·

5,79,91,1908,,4 193,15,180, euellere 169, 90· 170, 17

11111, 18

 

