uerborum et locutionum. Ι 327

uerecundia 143, 11
uerecundus 155, 25

· 661661 dicere 152, 20 ’

persone u. est (= proxime accedit
661 66161616 est) 126, 21

uictima canina 102,11

6611666 pessimo, 5.;8 11, 14,· 25, 6166116616 cenem 112, 2 (cfr
11,·30, 12, 20, 56,4. 10 16; 1166666, 266611. s. 661611. (11166
161, 66, ’,’;1146 111, 6. 661 1664 403
7, 178, 6, 12, 180, 2, 66116616 61666116 62, >ln 23; 63, 4, 71, 14

exules 14, 8, (161666 14, 15; 616116, 661 de 6166 66616666132, 18,

6666166 158, 8: 16616 86, 19,

deserere 156, 8
6616 u. 66166
uersari in officio 179, 7
uersum dicere 35. 2
6616616 16 aliquid 31, 8, 60, 23
661661 (montis) 70, ll
uerus 9, 9, 13, 20, 44, 15; 114, 7

120, 9. 10. 16. 2021, 155,1;
175, 22 saeptum uerissimus 7,
21, 14, 8, 22, 8, 6616 catholica
12, 2 (nere 6. 177, 9), 6616 ,1116-
tum 65, 20, (= proiecto) diui·
6616 contenet. 14,
1. 8. 22; 115, 8, 118, 5, 122,
7, 132, 2. 10, 146,10saepiue;

66166 78, 4 ···

tertio 1666 139, 10

uestigio ruinarum 71, 15; 6611666
(Christi) 147,13; 6616616 154, 12,
polluta 154, 17, 661166616 180, 2,

ponere in 16 154, 19
uestimenta scindere 40, 1, sub·

in 6166 66 in platee 154, 12

uidelicet 30, 17, 48, 5, 108; 3
uidere aliquem (aliquid) poesim

24, 7, 43, 10, 50, 4, 60, 12, 72,

’ 1, 81, 12; 100, 14,122,16,138,

12516, 146,17, 154, 661161,
171, 16, 181, 22· (= 6616, m 61
161616, 20, 8, 21,12,16, 14,
14, 18,3,22 16, 24, 22 30, 15,
73, 5, 81, 10; 33. 11; 89, 15.
17, 101, 9. 11, 104, 10. 12, 107,
21, 126, 18, 127, 15; 128, 9.
10, 137. 4, c. acc. 61161. 42,
8. 15, 91, 10, 110, 7, 138, 11,
14612, 152,6,166, 1021, 170,
24, 180, 2. 15; om. esse 100,
16, quis 180, 12; uideamus 611
23, 20; 92, 21, 11219, 149, 8,
uidete ne 91, 22; sequ. 666116.
16161169. 23, 14, 36, 9, 62,
3, 88, 12; 97, 6, 129,1, 168,
5, 181, 18, opertio. 181, 16,

absol. non uidentis (= 666611
69, 5, cfr 188, 16-6111611616,
6611114143, 14; 8316, 100, 13
15,101,3546,·411116111611105
12,11,13,5,64,8;76,8.14,
77, 5. 9. 13, 7816, 19, 15. 20,
108, 6, 129, 7, 142, 2, 145, 6,

140, 11. 24; 141, 3. 6 152, 8, 1--161116611 existimari)
11666166 661 6666161661 prouocationes 55, 9, 105, 3. 69, 122, 24 , 137.

158, 8 22,138,8,154,25,6. 6616666111.
66661616 150,19 (sed cfr ad· saepissime uelut 3,9;10, 11,23,

not.) ,18, 30, 12, 4618, 52, 19. 22.
25, 75, 23, 89, 5. 23; 99, 16;
103, 3, 119, 12. 16, 126, 26,
138, 19, 145, 18, 154, 1124,
161, 9, 172, 14, 180, 3. 9.
18,616. 6666 11, 2, 3819, 143,
16, 145, 8 - pleonaetice 661
= esse: uidebatur admisisse
(= admisit) 10, 11, magnum sc
uideri contendit 73, 12, quid tibi
uisum 666 negare 66161666 (= cur
negasti) 15, 2, cfr. 32, 4, 34, 17,

ducto uestimento 109, 22
6666116 6666666 73, 17; 140, 17·
cfr. 140, 13 516, tractatus 6611661-
· 6666 66661666 179, 15 (oppos. nude
loqui 179, 131
666616 93, 9. 17; 94, 6, 140, 12.
14;149,;8 6666 938 nuptialis

6666166661611111161616 139, 9

6666666616 6166616 145, 2

661616 65, 20, 108, 16. 19, 154, 3,
661661 16111666 84, 9

6616616115, 14

616 peccatorum 39, 25, 40, 7. 14,
dare 130, 8, 16616 40, 3, 16616616
126, 24, 1666161 dc 40, 5, cfr. 40,
6, 144, 15; 173, 15

616166 1116166666 56, 10, 166681,
18, 616 94, 6, episcopi 20, 1,

 

