320 111. ludex

115511, 21, 71, 7, 515140, 12,
150, 21, 152, 7, 155515 32, 7,
46, 17 511, 48, 11, 515515 12, 5,

0115515 32, 10, (1111111167,3

sponte 159, 19, 163, 27. 30, 155515

155122, 9
stabularius 149, 17

155115 515515 174, 5, 175,1,155-

uissimis haustibus 153, 20

suauitas (olei) 174, 6. 9. 13, 175,

11. 14. 23; 178, 4, exterminare
174, 7. 10, 175, 20, 0515 174,
12. 20, corrumpere 174, 1719.

’ 23, 175, 8. 24, 55515515 174, 24

11515 (i. 5. consistere) 24, 11, 40, sub 1551551 5. 517. a) 15515155.

6.7.14, 15 511515 40, 10, 555115

105,,2(·- 5115157, 19, 17916,
055151’1151111515186,5, (opp.

155515) 62, 3, (opp. migrare) 94,

21,11555 1155151 156, 2

1511115 24, 14, 113, 16, 167, 24

1151155551 (1511 apparitores 5511 151-
11151 151 statione positi) 16,19,

291318,5(1·.1’1111.11811551151

11515515111 97, 18
11515515 51115151 58, 5

stillicidium) 166, 32, 167, 6. 9

115115 1151 115155, 115115, 8511511-
05515011. Caes. b. 5. 2, 9. 4,
Liu. 30, 3. 9· Plio 15, 16 (18)
1155115151851151155111),

pacem dereliquit (550551) 3, 8,
(cfr. Commod. apol. 151 51111515·

. bort 1111151115 f. 1515550551.

111147) ι

storiam

50, 3, 58, 4, 6111213151, 76.
8,104, 18, 167, 9, 181, 14,
5) 1511155585, 3 151, 90, 1012.
1,3 91, 5. 6. 7. 8, 96, 1921.
22,133, 7, 139, 20, 153, 18,
172, 23, 5) mod. sub nominibus
dicere 51, 12, d) 551115). sub metu
165,10; 15551011515 83. 7 -
155515 1. 1511155115 18, 7, 151515
11055115 22, 8, 55110515 sub
met u 129, 14, s. interrogatione
qualis futurus 511 75, 8 (cfr.
R‘ilmh’ 2115751. 611. Gpm 1884,

subducere 511511103316, 14416, ,
511551571551013,12,14,21, 1
29,3;108,15; 146,11;cibo

subduci,064 8, ’551111115511095
22· 1550551515151555124, 12

subest nomini corpus 127, 6

subinde 145, 18, 162, 9

,’ struxisti (555515) funibus 105, 7

111551151 (ε tumult tus) cotidiani ,
1551 habiti 23, 9 subito 192· ·24, 20· 82, 7, 155, 23 ’
stringere 15551563, 1, 15 fascem 15515551551551515150, 13, 5155155- “
156,19 synis subleuata73, 16
strumentorum deificorum 30,1 submurmurare 181, 18
(550 cfr. adnot.) subplantator 13, 7, 14, 17
1515555158,10,5015166, 12
1150515515122, 3 subprimite uoces 87, 18
studio litigandi(= 155515) 25,9, subruere 5155151 58, 2
1111015 55111515 28, 9, 5115155501 subscribere 515551 78, 11
43, 15, ’,114 21, 116, 12, 1150111 subsequi 8317, subsequens 15515
151-11511555011111 123,7’, 115015 105, 14
51 labore 157, 10 substantiam erogare 1515501551 138
1150151505155011140,17
115115 1551551 11,45115 5,15515155115 1551155355, 5011155151 pro 555515-
34,12, 1511515 511133, 15, 149, tis: iudicium (= iudices) 27,
10115115155515142,4;155, 6 17, 1551515189, 23, officia(=
1151111 1111549, 16, 66, 16; 155, 1 1(11”1’515151)152,1’,8 55115511511τ
1155515515511055151 67, 9(cfr. 55555151) 73, 17, 15155115 90 22,
1155151, 211511. f. 6115550551. 551515165,20,140,18,-555-
1884, 405) p oreta pro 551151150115151 =
11150515 aliquid 107, 15, 5. 9511151- 115011157,17-
0155 81, 3, = persuadere) 5115111
99, 13, c. acc. 51 ins. 34,10,
obs. 62, 23

peccatori ’51 sacrilego 31, 2, ·5-55
5515111151 operariis 85, 13, bonor

 

10; fact 1515 51 substantiis 109, 3 3

—pro 5111551115ςί ,

55151511 (3115555155) 58, 11, .

