uerborum et locutionum. 301

8; 147,11, 156,14. 20. 21. 22. ,1111 aliquid saepissime 19, 9; 68,
23, 161, 4 bic. 5. 13; 173, 5. 4, 84, 810, 96, 1. 3, 154, 3. 6,
6, 180, 2, add. post 158, 2. 3, 161, 27, 165, 9. 17, sequitur occ.
163, 2. 3, 180,13,11111180,23, c. inf. 28, 8; 77, 3 (ec. fieri).
- fut. poss. 49, 171 57, 13, 86, 10, 81, 7, 85, 19, 146, 6, ab·
21511147,14,2)15111111115111. solute 3, 6, 89, 22, 96. 5, 108,
98, 4, 110, 15, 125, 17, 135, 14, 114, 15, 121,2 ·
1,164.12, 1654, 180, 71111111, ,1111111 155, 24
contempto quod fuerant geniti 14, patientia episcopalia 73, 24
10, 111,5, 13, 26, 6, 34, 22, 52, patriarche 69, 3; 162, 31, 165, 27
6. 18. 20, 62, 13. 14, 82, 8, 113, ,11111 22, 10, 38, 11,Ι 39, 4, 47, 8,
16, 120, 14, 13613511, 149, 13, 99, 8, 140, 10, 159, 3. 5, 1722
152, 4. 20, 160, 29, 172, 22. 24, paulisper 87, 14, 141, 14
180, 23 - conteneantur duo paulo 111113, 6, 31, 3, 53,14;
participia: uenientibus supreme· 54, 19, 55, 4, 62, 5, 81, 21,
11111111 81, 17, 11111111 deo indul· 87, 15, 100, 1.13; 155, 14, 180,
gentiam mittente 111111111119, 18 16, ,1111 16, 9, tardius 99, 11
particula Africae 33, 2, 35, 7, paululum 11111111 tollere 111,5
bebere inter 111, 21, uindicare ,1111111552
sibi 136, 9, ponere a 111, 15 ,111,11174, 14. 19. 20. 22, 75. 7, .
(cfr. adet. 105, 21) 80, 5. 16. 17, 81, 13; 83, 12
partiri Christum 39, 25 paupertas :pauperes 73, 17, ,111-
,111111 abacti 1111 53, 9 ,1111111111111111111111111158,15,
,111111112212,164,20,11.11111115. de ,1,1111111177, 18
pro adieci, pax iio placita 50, 16, 11 ,1111

,111111 23, 20, 33, 2, 45, 5, 70, ,111111 113, 5, ,11111 filii 109,

10, 79, 6 - minor 17, 2, 65, 1015, ,111111 habere 11111 103,
19, 77, 8, minus 1111111 4, 6, 21, rupte 123, 20, cfr. 14, 1,
cfr. 165, 17, 177, 23, minus 1 23, 2, 40, 11, 50, 9. 11, 78, 1
122, 16 (cfr. 1161115, 21115. f. . ,111111151111111111.1·1,11111111
cistere. Gpmw. 1884, 403), (= non) ι peccare 41, 23 60, 11, 62, 1. 2. 15
58,10; 161, 25, non minus quarn ,1111111111 111111112514, asuleo,
166, 21 -— 1111111111 , 7,α5111. 22, 11; 86, 6, 94, 8,
pascere: 1111115111111149, 14 , cfr. ¹ 133, 4, 5, 144, 2, 152, 8 saepius
52, 12, 53, 10, cibis pasti 14, peccator creberrime 8, 1415, 60,
12, obe. 73, 17; pascenti (ε 17, 74, 20. 22, 173, 17-19
11111111 excipienti) 136, 22 peccatricem 1111111119, 19, 10, 6
passim 65, 13, 146, 7 Ξ peecatum admittere 10, 11, habere
passio Christi 89, 23, sub die pas· ' 56, 9, 168, 17, incurrere 154. 24,
sionis 112, 23 confiteri 56, 14, donare 56, 7,
pastinare uincam 135, 21 176, 9, dimittere 56, 15, 104, 9,
,1111ο1 39, 2, 57, 21 , 11 peccato esse 45, 15 , capitale
patefieri templa 51, 4 Ι 165, 6, 1111111186, 7, genus pec·
poter 5, 10, 38, 21, 54, 19, 163, , cati 172, 11. 16; pondus 173,
24,164,11,165,1511;168,4, ’ 2, indulgentie 56, 6, remissio
(i. p. decessor) 73, 18, deus 33, , (remissa) 56, 8 (10, 10), 111,5,
24,99,1,112,19,111111111123, 13. 17; 11, 8, 25, 4, 36, 11,
15 bie 19, (11. caelestis) 1311, 65, 10. 18, 112, 16, 121, 20, 139,
33, 1121141, 19, 99, 2111111111, 21 passim
= maiores 23, 4, 42,1, 164, 6, ,111111143,17,57,2, 58, 5, 110, 14,
165, 8, 1111111111 123, 21, 1111111109, 5, 153, 20
petere 24, 17, 'sepulcra patentia pecudis inmundae 146, 21
63, 1511163, 17 1 pellere 159, 11

 

