318 111. Index

1111111 111111 aliquid 17, 3, 65,
13, 108, 18, 147, 6, 172, 10
(1111111111), 11111111 (aliquid)
86, 16; 58, 13; 63, 6. 8, 106, 2.
3; 107,1, 120, 4, 140, 21, 144,
22, 166, 23, 167, 4, 174, 16,

seruile iugum 24, l

· 111111111111111111106,1,1111111111-

tibus 137, 3
1111111131. dominus) 130, 2,131,

81‘181118111 130190)
quali (tlmqulmj 411141, ι;
36, 8, 77, 11,(1111 -11157, ’
19, 111 - (lum 168, 3, sicet “
95, 15, 120, 5, 115,15; 123,
16,167, 29, 111 nce 134, 18;
nec sic 139, 14, 180, 11, 111
regiis (Ῑῖ 5trrlis) 141, 3, sic
ιιι 111 ,

siccari lacrimas 70, 3

18, 11111111111111189,20; cfr. sicut 21, 2, 61, 9, 76, 19. 20;

62, 4. 10, 82, 15, 89, 21. 23
seuere contemnere 178,18; iudices
seueros 180, 28 (sed. cfr. 111111.)
seueritas iudicandi 159, 13
1111111111. conterere
si sescenties 111111 a) c. ind. 8,11.
13. 14, 13, 5, 25, 11, 15, 33, 5.
1415, 49, 8. 10 511, 59, 15. 17,
66, 4. 5, 75, 6 (om. 11151),
84, 15. 16, 96, 2. 15, 105, 23,
112, 2, 123, 6. 8. 9 (om. 11111),
132, 2. 20. 21, 1341. 1217,
143, 8. 24, 154, 12. 15. 15.
17. 20, 166, 18. 22. 27, 172, 3.
14511. 15.16,5)1.1111’.4,1,
9, 20. 22, 19, 7. 13, 21, 2, 35,
1, 41, 1, 54, 8, 74, 9. 22, 86,
6511, 99, 6, 11, 105, 4. 6.10.
14, 115, 8. 9, 123, 22, 139, 5.
14. 17, 148, 11. 1314, 156, 2,
160, 13. 1718. 30, 170, 910.
¹ 13; 181, 21; (= 1111) 38, 5,

98, 8, 109, 1, 115, 7, 129,
7, 144, 20, 163, 27, 167, 25,
16910, tritissimum 111111 11111
legitur (scriptum 111, 11111111)
11, 21, 16, 12, 34, 21, 67, 8,
81, 15, 103, 12, 107, 4, 121, 3,

111111 7, 5, 20, 5, 42, 1, 109, 5,

12215, 147, 7, 163, 15

sigillum 44, 14, 93, 22, 119, 21
signatus fons 12, 6. 7, 48, 2, si·

gillo signati 93, 22

signum salutare 120, 3, cum signis

(sc. militaribus) 53, 7, non sinc
signo 53, 21, capitis 150, 18,
ess. 152, 4, uoluntatis signs 149,
13, (oppos. sacramentum) 151, 12

silentium indicere 35, 19, in siler·

111 remisisti 46, 17; in silentium
mittere 22, 1, de 59, 15, sub
silentio latere 22, 9, silentio
praeterire 86, 18, 166, 4

56, 15 ; 149, 6, 11111119,7.13,111111 (1159, 18, 155, 20, ratio 11

115, 8. 9, 163, 25, 11 quis (quid)
28, 15, 7016, 165,1 bis,· 179,
13, 11 aliquis 42, 4, 1111111 =
etsi 40, 3, cfr. 94, 12, 110, 6,

sileri non petitur 86, 19, exempla
sileantur 180, 21, seutentiam
siluisse 180, 26, absolute 104,
17, 165, 13, 180, 23

mirum si 180,6,111111111 (= si 11111 inuidiae 158, 7
quidem) 5, 22, 102, 14, 154, 111111111151160, 20
25, (5111111161) 7,13;87, 15, Ι similis (= aequalis, idem) 65, 5,

(om. uerbo) 18, 18

sic ait (legitur, scriptum est) 21, 1

5; 27, 19, 34, 6, 74, 1, 75,
1; 136,10; 162, 1311111111, =

¹ 69, 22, 100, 11,10111.120,18; ,

facts 89, 16, 11111144, 18; res
21, 24, cst. 126, 21, 169, 10,
1111111156. 17, 179, 17

1111011111) 20, 12, 21, 12, 28, similitudo (= Gleichnis) 56, 19
13, 39, 5, 54, 21, 57, 7. 8, 11111114,7,13,20,101,1,108,

83, 5, 84, 12, 167, 26, 15111
13, 19, 85, 14, 100, 8, 141,16,
111 - 11 57,16, 62, 12, 78, 7,
115, 2, 116,13, 135, 5, 145, 7,
160, 34, 166, 31, 11-1114,1,

19, 109, 15, 156, 24, 15613.
14, 174, 4, 175, 9, 111111. 58,
2 - cr. aducrbc'a

simplicitas 1111111111 157, 4, tots

125, 12, simplicitatis 11111584

 

