330 ΠΙ. Index

21; 120131 134, 31 14912511. (11111.) 153, 41 1111115, 11; pro

141 151, 61 163, 121 170, 11; utrisque 121, 13

(11111111). 15 (11111 111)1 111 uteri matrum 52, 21

1014111162,12178,81133,211111 111 10, 121 64, 71 77, 21 139, 5

51, 141 11111 23, 11; 33, 201 11111111 111111 171, 19

111111 63151111 111 ut 44, 53 utinam 1. 1111. 11111111 10, 61 40,

111111(11111)20,13133161135, 31 133, 141152, 21 plusqf.

20115415 futurum 11111043 43, 23

111 uultis 86, 4, 11 111 = 11 1111111147,1166,131,106 181107,

112, 7.181 11111 165, 31 non 4, 112, 61133, 231 13471149,
111111 173 7811111111 711727 177, 31 1111111156,

111111111111111111111129,13160,15171,3178,13195,

17-1.11111.(ε11111,11111 11 149, 11 '1181 15· u. 11122,

nonnumquam =id quod) 6,3. 181 9. 10

7, 8. 9. 15. 161 10, 201 14, 41 11111116.1.11111)11,6,111 33,

1919142111 5019156171 191 93, 11 1111 105, 241 120,

61, 91 62, 2. 161 66, 41 67, 21 161 1211111 139,111141,3.171

74, 131 84, 21 114, 201 121, 211 147, 221 148, 21 154, 181 (cfr.

132, 201 133, 191 142, 21 143, 11111111, 11111. 2531 211111. f.

9. 211 170, 201 176101 130, 51 111111. 01111. 138411. 403)

om. 1111190, 11. 121 10812. 11111111111153, 13

14. 151 161, 91 1111111(31111111) 1111111111 scissuram 94, 7

saepissime 6, 21 10, 21 21, 161 uulpes 155, 23

40, 151 68,141 76, 61 88, 3. 151 1111111111 edacitas 53, 12

943.121133,241141,151154, 1111111181, 14 ·

171 160171 173,911.1111’.59, 111194,20197,171 152, 91111111

19111,1,.1-1114117778 50,5

111· -ut 161, 1- -11, 1111111111, 11-

gere, 11111, 11111 (15, 4) 211111 171, 14

“1191111111119211 1111111111111111,

(11511. om) 153, 711111 utraque 191 170, 16

 

