uerborum 11 locutionum. . 287

inuocare 142, 8, 143, 17, 149, 3, 1034,110,1;134,17,136,9;141,
154, 7 6;154,5,168,1, 174, 7, 1111-

1111111111 nominis 148, 12. 14511, 1111 88, 1, 154,23,11111 - 1111
149, 2. 5. 7 5111111169, 8 100, 3,1111- qui 55, 10

11111111(ε111111,111111)109,22, 111 13, 1, 79, 10, 171, 6, 1111111

110, 5. 17, 111, 411711161111. 148, 4, 11111111 9, 22, 43, 6,
Ztsch. s. 611111. Gymre. 1884, 81, 11; 133, 16; 136,15, 140,
4051111372) 5, 150, 14, 161. 11; 176, 18;
ipse (=idem) trinitas semper ipse 111 - ut 121. 12; 1. condonet. ¹
111 126, 23, cfr. 12, 22, 16, 17; 10, 14, 19, 13, 32. 2, 42. 11;
29, 3. 19; 31, 4, 39, 6, 40, 7, 166, 29. 30. 31, 167, 18; 172, 7,
50,10, 6218, 77, 13; 79,12, 80, itaque loeo 11111111 81, 9
21; 82,2; 85, 23; 121, 17, 1355, item 106, 8, 128, 1
144, 7,151,4; 161122, 164,4, iterare 8. 18; 118, 10, 125, 16;
177, 2, ipse qu160,17; 172, 5, 126. 13, 132, 7, 165, 3
181, 25, 11 ipse 38, 8. 10, 48, iteratio sacramentorum 158, 5
5, 123, 15, 180, 27, uel ipso iterum mouere (=iterare) 68, 23;
. 44, 13; iidem ipsi 17, 9, 92, 6, etiterum. . 11 iterum 87, 2. 3,
ipsos domin 1 suos (= ipsorum) i. csse 99, 5, fieri 120, 3. 4,
54, 1, od . prooem. personat. 123, 3, 125, 2, cfr. 21,1; 34, 24,
7, 13; 12, 12, 36, 2, 409, 108, 98, 12, 106, 13, 112, 10, 125.
4, 143, 19, 155, 7 saepius 9, 126, 3. 5, 151, 4. 6.’ 7. 14,
1111111111 111 24, 9 161, 5, 175, 25; 180, 3. 15
iracundia 20, 14, 23,19; w. 11111111 111111111111111118212, medioitinerc
irasci alicui 162, 10. 11; pro 11 161, 17
116,18; csr. 20, 20, 51, 8, 74, iubere c. aco. 11 inf. 51, 16; 53,
15, 84, 11; 140, 11; 141, 5, 21; 82, 19, 87, 13; 88,12; 143,
146, 15, 160, 32, 161, 1013, 2. 9, 146, 8, 152, 2, 169, 21;
162, 19, w. 111 nom. c. inf. 8, 8, 19, 16, 51, 4,
111 43, 13, 11 regnum 131, 19, in 137, 16; comites 1111111152, 1,
iugulos 63, 1, 11111 cd 123, 23; 131, 25, 162, 3, 151111111918,
130, 8, 1111111111 (redire) 137, 5218, 62, 13; 122,11,132,14,
16, per singulos (ε singulos 14913 ·
1111111111)166,1, por nundinas index 26, 9, 51, 14; 70, 15, 85,
82,19,11111111139,23 21; 90, 14, 123, 6. 8. 11; 170,
11 saepissime sequente 11111111 uelut 4. 11; 180, 6. 9.10 bis. 27. 28
3, 4, 7, 9.14; 14, 20. 21, 36, saepius - 1. sedere
4. 5, 64, 19, 75, 14, 81, 20, iudicare 11 innocentem 64, 7. 9,
100.19,114,13,127,19; 140, pro 131, 4, iudicandi seueritas
4; 152, 2, 160, 30. 31, 171, 4. 5. 159, 13, (1162, 10, 168, 14. 1 15,
17. 23; 180,13. 1618, eo quod 178, 13 , alicui 131, 5, absolute
88, 6, 180, 10, ex eo 11111100, 17315, 181, 6. 15. 25
13, = idem 181, 8, pro reflex. 28, iudicium saepissime 1 26, 8 611, 54,
1354‚18; 112,7,111.111130, 18; 1,· 64,1; 123, 11 , 148, 16 , 153, 3.
132, 5, 161, 20,-11111516, 6, 164, 7, 170, 810, 181, 1. 4,
17, 3, 40, 4, 44, 14; 47, 22, 64, futurum165‚1s; cfr. 79, 1, dies
19, 66, 7, 12, 74, 4. 7, 75, 15, iudicii 170, 3, in iudicium uocare
' 76,16, 79, 14. 22 , 103, 21; 111, 16014, iudicio 17, 22, 25, 13,
20, 112, 15, 120, 16; 169, 8, saecularia 152,17;publico 78, 6;
osc. hoo 111 179, 1 — iudicio 11 imperio 82.
11111111111111115,21,17,17, 144, 14, u. celebrare, damnare, 11111-
· 22 , = hio 5, 13 ; 6,12; 16,15,54, nare, prouocare, purgare, 11111111,
8, 56, 9, 79, 6. 7, 96,18, 97, 2, reperire, reseruare, seruare

 

