280 111. Index

22, 82, 17, 87,10, 105,1, 111,·Ι 0001900010), 19, 3, 51, 5, 60, 7,

1, 1001, 140, 11, 101, 11; 1 10011

160, 9 1 ideo 89, 4, 8, 95, 7, 112, 16. 18,
110000110001111110136, 16 1 125, 10, 130, 20, 160, 9, 181.
1101000069, 14, 72, 6, 76, 19, 77, 1 26, praecedento quod 1101 qnia

101010, 04101111, 100, 1 011, 11, 0, 101, 1140 quia 1,

10; 134, 4, 154, 19, 160. 27 1 11 , 64, 6, 96,16, 169, 15, 11100
humiliato 0011101057, 1, sapientia 1 quod 62, 16, 61, 5, ideo et

1100111010 79, 17 121, 14, 01 ideo 161, 10; ideoque
humilis 57, 6, preces 82, 9, 1442 1 46, 10, i. 00 46, 8, 65, 11, 00

y humilitas 57, 8. 10, 124, 9, 136, . ...11003,9,1110001165,7;

24, 110011110101001100006, 15 1 172, 89
1100010 oblitterata 166, 32 1 id 001 u. 10
1 idolum 115, 10. 13. 15, idola 50,

10001001101116235, 0010001001ἱο 13,51, 4, 59, 19, 91, 5. 7, 115, ·

10. 0, absolon 011 1 0.0.11;110,0;141,0.11.10
1001010 0111011131. 7, 52, 2, 54. 4, idoneus 011 55, 7, crimen 147, 4
119, 8, 000010100146, 15, (= Iduum Maiarum 16, 12
gloriari) 82, 6 10001 piscis 69, 4
iacturam uitae 100010 120, 6 10100100 parui temporie 23, 19
iarn 10, 22, 36, 17, 42, 7, 51, 11, 1111010001110010011111111010003, 11,
89, 19, 107, 24, 132, 11. 15, 24,9, 35, 20; 42, 5. 18; 60, 18,
168, 2, 175, 10, 180, 20, primo 104, 9, 147, 6, 168, 5, 174, 23,
1000 73, 5, 83, 17, 96, 24, 1 0001111101.5,6,20,14, 31, 5.8;,
104, 15, 118, 7, 133, 12, 142, 3, 68. 17, 91, 18, 92, 7, 108, 19,
10010. 10; 100010. 10. 11; 1 11010, 10411, 14011101,
178, 16 carpino· 0001111410 1000 1 12.18,166.20,176,9,1011101.
poesim 11010115, 7,43,8,44, 21, “ 46, 3, 38, 21, 109,17, 114,1,
100, 10, 011, 1010, 1401, 1 1101
163, 10, 1011100055. 2, 76, 14, 1 ignorumrerum25,18; 177, 12
77, 16, 131, 22, 145, 20, 162, , ignibus gehennoe 12,16; inponere
28 1 librum162,9
iamdudum (= 00100) 14, 6. 11; 20, . ignoronii1136,10; per 7, 16; 163, 19
’ 10,30,11,48,7;51,16;61,21, iignorare 12, 16, 13,18, 15, 13,
78,10,80,11, 94,18, 1129, 1 153, 1, filium (10113017, igno·
127,13; 138, 23, 144, 2. 11, 152, 1 1000 90, 22, 181, 12 , ignorantes
5. 6, 163, 9, 177, 1300011110 1 36,12, 108, 7, 138, 19;-11110-
iarn pridem 3,4 1 100101 u. 0411101110 (cfr. 11610011,
ianitores 1404 1 Ζι,01.,1001010.1004,400,
10000 conlocata 95, 8, cfr. 95, 18 , ignoscere 0110011313, ignosci 00101
11119,22,10,15, 38, 4. 21, 122, 1 36,12, α11001111057,5;160,11
141110. 17, 145, 6, ibi-ubi 91, ignotos 01 inimicos 54, 3; 01110..
24, 144, 1. 2, 156, 1, ubi—ibi 1100100112, pigmenta 134,14
33, 1, 121, 6. 7, ibi --unde ilico24, 12
163, 11 1110 saepissime: 4, 3, 5, 9; 22, 21,
1010 000 adulteros percussit 89, 6 51,14,139,16.19,156,11, 159,
111011οο809 ¹ 16110.19,167,15.32,178,17,
11000001000031014817,0011010 1 = is 45, 20, 47, 5, 92, 8, 97,
modo 6, 7, 178, 10; 1001101028, 20, 102, 9, 13105, 10413, 169,
1, 147, 3, hoo eodem ternpore 14.15; 178‚16; 11101111 19, 14,
50, 13,1100 nom. plur. 54, 1, 1 (ε-00100153,11;70,9,71,1.7.
11100 17, 9 (ced cfr. 011101), ι 13,139,13, 140, 7, 151, 17,
isdem 1101. uel 011. 15, 11 (o. 1 stabularius 111οΡ011100149,17,

 

