326 111. Index

ubicumque 90, 20, 116,13 1 45, 24, 46, 11. 15, 48, 8, 49,
ubique 33, 14, 45, 20, 73, 25, 79, 2, 60, 16. 22, 61, 11, 64, 20,
11, 81, 13, 127, 12, 143, 11; 12, 3; 86, 9, 94, 5: 120, 17,
16318,165,13,167,31,(ς111- ¹ 128, 20, 132, 7,,139, 3, 149, 11;
1111111111111111111122,3,74,18 1 153, 15, 154, 18, 155, 9, 163,
161111111111111111195, 19, (opp. 1 20, 176. 17, 171, 5. 10, 178,
111611119621(1111161161211111. ¹ 13 - 11111161, 13, 74, 17, 100,
111111.11111.1111,1111 1 11, 111, 11, 151,1; 151, 11,
11111511 malitiae destruentes 58, 19 1 173, 24
uehiculum 82, 13 ¹ uellus 134, 5. 15
1119,10. 14, 10, 20, 12, 21, 66, 1 uelut 12. 14, 46,11, 109,13,1.
14;11,1;11,11;111,11;151, 1 - sic 111,-1
8, 169, 11, 170, 21, 1.- quamuis) 1111111 611111111112122, fluentibus
uel sero 22, 18, 40, 18, 45, 2, 115, 8
114, 2, 121, 7, 134, 1, 135, 8, 1111611197,21,98,6, 105,5,1111111
141. 11; 178, 6, cfr. 41, 3, 98, 7, 146, 7, absol. 146, 5 bis
(ιε saltem) 5, 21. 23, 6, 11, 1111611111(1.1111111111111)73,7
104, 4, 122, 4, 138, 7, 143, 25, 1111111151 seruent 108, 18
14112, 1522, 15513, 1--11111 1111111111 64, 7
nur) 38, 2; 108, 19 , 147, 2, nec uenerari non minori metu 77, 9
- 111 55, 7, uel - 111 62,13. ueniam tribuere 13, 8, 14, 17, 172,
14;98,19; 104, 15.16; 109, 23, 3, mereri 24,13; habere 160, 6;
128, 7. 8, 146, 21, 147, 5. 6, consequi 171,7
150, 10, 162,10; 169,17, 170, uenire 3, 4. 5, 28, 6, 68, 6, 73,
16, 111 -11 sinon —- sed 110, 19, 81, 12, 83, 20, 98,10; 100, ,
5. 6, non - 11111191, 1311. 5,129,11.12,141,3,7.9, 1703,
uelamen 1 4, 12, a 61. 14, 145, 111111111115111112611,100,12,

10 , uelamina 61, 9, 66, 14,145, rescriptum uenit 19, 7, tempus
11, l53,l 130, 7, ad 51, 2, 54, 23, 73,
11111111111111111111111111111114,8 18, 77, 18, 78, 2, 90, 19, 116,
111111111111151,7 21, 136, 20, 137,10, 138, 1,
11111 nauem 1111111 105, 7 145, 15, 163, 27. 30, 168, 11,
11111 aliquid 99, 9. 13, 101. 10, guo 1. 113, 8, 11 ,1111111111

“ 1111111111153, 11, 1611128, 2, 14. 19, 11 nutias 150, 21,
15, 33, 1, 55, 15. 20, 104, 6 (= oriri, 1111111 93, 10, 155, 9,
1111111111111111 11111· 1111111111
11; (= putare) 15, 1, 111, 1, 115, 1. 11, 111, 15’; uenientibus
511611111111111111 (= haben· (= qui 1111111111 supra 111111·
dum est) 130, 15, magis uelle ratis 81, 11

170, 25, 1116 bene uoluerit 55, 1111111111 nomen 84, 7, 88, 15

16 - sequitur 11 88, 4, 181, 16, uentos captasti 105, 8

111. 1. inf. 3,13; 6,14, 13, 11, 111111111111 6, 3

75. 5, 91, 25, 99, 6, 126, 26, uerbum 'seducunt' 97, 6, 'bene'
13511,170,25,181,2,11111, 125, 4, uerbo 11111 141, 13, ’
passim 10, 23, 23, 8, 33, 5, 43, uerba superbiae 107, 7, 11111111
13 111, 55, 10, 63, 5, 75, 4, 86, 150, 9, seductionis 97, 9, Christi
18; 93, 1617, 106, 7. 19, 111, (dei) 171, 22; (23, 9111111111
3. 5, 21, 120, 1. 11; 13214, 6111111611111111111009,1111111
143, 25, 154, 25, 167, 16 - loqui 144, 6, his uerbis saepius
pleonastiee 1. infin. iactare uo· 27, 11; 113, 9; cfr. 78, 3, 99, 8,
111111 (3111111111) 31, 7, cfr. 11, 105, ’1. 11, 108, 11, 129, 13,
10, 31, 5, 40, 1, 42, 2, 43, 16, 132, 20, 139, 8, 168, 21, 171,5

 

