328 ΙΙΙ. Index

44, 21, 45, 12, 73, 7, 79, 20,
80, 12, 81, 21, 101, 3, 113, 20,

6968266666 proicientes 83, 9

uincere hostem 63, 6, 16 proelio

{3332715 (i. 6, coarguere, ue

ellare)

uiscera ecclesiae 45, 24, 46,19,

piscis 69, 5, sacramentorum 103,

p ,22, Ι6616616116 145, 1 =
11116 221, 29, 815, 69, 14, 120,

6: uirtutum 6116 121, 19

uitalibus cibis pasti 14, 12
uitare 6, 11, 109,1

6166616 germanitatis rumpi 104, 18 uitia 11, 1, 61116 partes effectae 48, 9
uindicare aliquem (= punire, ul· uitiosa ordinatio 20, 16; doctrina

61661163, 10; 85, 22; 160, 33,

108, 10

paca. 23,Ιο 17, 8611, 89,17. uitis 12, 14; 45, 3, 61166 135, 9
23, 91, 22, 179, 2, 66661. 88, uituli 66661893
3 616. 4 616171, 1; in aliquem uiuere 24, 19; 61, 6; 64, 10. 14;

88, 15, 161, 12, 164, 24, 180,

65, 1, 149, 21, 162, 32, 16616

11 - 6161 aliquid (= appetere 165, 17, ξ66111116674,11,6616

ascribere quocum 66616161) 25, 2,

32, 13, 37, 15, 42, 16. 20, 43,

9, 46, 10. 13, 47, 1, 56, 3, 64,
3, 76, 7, 121110, 127, 17; 129,
9, 134, 2, 13511. 17; 136, 10.
15, 23, 15510, 176, 9, 176, 8,

61136, 15 , uindicanti ac. mustynis
(1616161 martyres relati) 18, 20

uiuentes 5, 15, 141, 17, 155,
ῗὲἑ6856, 23, 157,.1. 2. 8, bene

uiuus (lpus 91, 2, 115, 4,666161-

dium'58, 14, 66666 116, 3, 661-
mae 122, 9; cfr. 124, 1, 137, 17 ,
141, 16, 155, 11, 157, 3 (aed
cfr. 66661.),168, 2

61661666 deum 52, 24, 154, 4, uix 5, 21, 33, 12, 66, 3, 71, 15
66616 6166166 54, 2, rei uindicem ullus 51, 3, 70, 15, 112, 3, 167,

notare 86, 8

21, 666 6. 150, 10, 666 61166 4,3

61661616 cessat 25, 1, seqnitur 88, ultionem aquae 68, 23

2, 16 uindictam 86, 23, 91, 19, ultro 42, 2, 159, 9. 14, 165, 4. 24,

(opp. persecutio) 96, 4, cfr. 161,
27, 162, 22, 170, 24
61666135, 9, pastinare 135, 21

(= eigcnmtchtig) redit 28, 16

umbilicus 44, 17. 18
nmquam 125, 12

uinum 6616616685, 13, 66614313 nnciam concedere 34, 9
uiolare 53, 21, 118, 9, 151, 11 666116 60, 11; 65, 10
’ 6161661166 661168, 4, per 131, 20 66666 69, 814, 167, 2. 3; tradere

unga 66, 16

66616 167, 5

uirginitas 74, 83 149, 16, 150, 7. 6666 17, 18, 43,18; 47,19,63,

ie 6 a·
{gi 6161616 116, 1' uus 15}
uiri lacerati 53, 8

uirtus 11, 14; 16 idolis 115, 11;
filii 661 137, 14, cfr. 115, 13;
121,19; uirtutem suam mittere

v 138, 3; uirtutes celebrari 138, 11;
cfr. 92, 10. 19, 98, 12, 137,
12, 147, 15, 177, 6

uis: uim iacere . . prohibere 83,

14; 97, 20, 100,1, 13217, 142,
9, 163, 29, ibi - 6611616312,
6666 66616 angelum 43, 1, (--116-
que, igitur) 30, 9, 36, 15, 39, 7,
42, 15, 55, 21, 81, 7, 83, 3,
104, 2, 114, 7, 161,17; 162, 21,
163, 19, 173, 13 , 178, 9, u. cum
82, 15, 179, 8, = 66 (cx) quo
3, 7, 44, 12, 54, 12, 111, 5,
113, 18, 120, 2, huc,·undc134‚
19, 6666 661 6666 39, 18, 56,
2,147, 9, cfr. 55, 10, 66661.
83, 6, 165, 28, 175, 21, 22

14. 15, 110, 8, cfr. 60, 7, 131, ungere 60, 4. 11; 62,12; 102,11;'

3; 166, 20, habere uim 149, 4,
magnis uiribus 160, 5, amiserant
uires 82, 4

112, 610. 14. 18 616, 113, 5.
6.19; 175, 17. 26, 66661. 113, 16

66166 cathedra 36, 20; sponsa 48,

 

