266 111. 16661

66 paenitentia 61, 16, cfr. 28, 3, 66161616666661661611 34,21; quod
32, 13, 56, 3, 63, 19, 73, 11. 6616166636, 1,66111616 Pharaoni
20, 101, 3, 124, 3, 137,12, 160, debebatur (= pertinebat ad) 10,
3. 22. 23, 172, 25, demere 661116 13, 666666116666 96, 24; deuotio
144, 15, 66 spe (1616611 20, 4, csr. ab 1616161166 debebatur 161, 15,6.
21, 9.18; 30,10; 51,6.10, 53, 16611.8.7.12.13,52,15,60,11.20;
8, 108, 6, 6616166 66 66695, 77,7. 12, 83,17, 113, 12, 122,
3, = a: inuolare 11611, sepa· 20, 131, 19, 143, 8, 158, 7, 161,
1616 169, 19, 66 spiritu 666616 12, 17019, 180, 4. 11. 12 bia. 28,
concepta 110, 9, cfr. 110, 9, 120, ,1166661666616611611111166 debe·
21 161,· aquam 6666161616 115, 16161661616159, 16;uobisinputari
“, 14, = ex: (16 6166 66616616, 66 6611616107,22,611.10,16,17,5,
libro lecta 132, 18, 6616616 nu· 6616, 81, 10, 85, 2, 87, 1, 92, 3,
mero 173, 4 (scd ojr. 114, 2. 51 100, 19, 127, 2, 138, 3, 15312,
rer 161111 a· 1616611616
se.er.1,;e ‚;²·‚;›
1616611638, 11, cfr. 53, 3, 66 616 5, 153, 7, 1561866, 168, 13,
reuerti 40, 5 , 166616 (6166616166 debitas sibi laudes 35, 20, cfr.
pascam 11, 15, 51, 11. 66, aa. 1 61, 6, 111, 1, 6516611161
19, 99, 8, 101, 2. 3. 6. 7, 109, (36666116666118260,,6166666166
12, 119, 15, 143.15,148,19, 102, 5, 108,17, 119, 23, 122,
156, 16, 156, r: 156656. 11, 1 16, 156, 11
9. 11, 21, 21, 24, 18, 32, 8, 41, 1 debitorum chirographa 82, 3;·debi-
3; 43, 17. 18, 45, 5, 51, 21, 1011104,9
58, 5, 90,10, 93,1.10, 96, 23, deceptio 56, 9
100, 19, 123, 21. 24, 132, 17, ¹ (1661 6161020, 14, 11; 56, 4. 16,
1666111116, 151, 6, 116, 16 1 ed, 16, 155, 5, 151, a
= propter 66, 65, 61, 6, 66, 6, 1 declinare 11 115, 1
35, 10, 55, 3, 178, 4, = prae 77, 1 6661166116116166.96661.Α11161166119,
8 - aeneo locali.- extorres de 1 20,162,30,Α666164,11,06111166
seorsus 51, 16, 6 nube arcentis 1 116, 6, chrisa 6, 16, 116, e. 11,
113, 20, cfr. 59, 3. 16, 87, 11, 124, 16, Esaiae 4, 19, Hieremiae
123, 11, 161, 1, ε1116122, 7, 116, 17, 162, 2, 16166616 9. 19,

= 45, 23. 24, 52, 8, 62, 10, 76, 10, 312, 13919, Moysi 89, 31

9, 97, 2,,103, 4, 108, 7.9, 124, y 154, ’1, 160, 21, 165, 2, pater
10, 18. 24, 12621116, 136, 14, 16611166 135, 10, 140, 8. 25,
138,7,140,1,144,5,149,15; dot. Abrahae 165, 23, Christo
150,1,170,20,6,116161666116,1616- 34, 11, Moysi 160, 33, 178,
1616 facta 19, 4, 66 66 666616 12, Pharaoni 10, 13, Sauli 62.
611166 11, 13, 'de 666 6116611616 12 , 1616 6111 147, 11, accere 01111-
661 59, 15-166116 66 occasione stum 39, 25, 91, 3, 125, 21 016,-
(= 6616 666.) 5, 20, gustare, ac· Esaiam 5, 2, 69, 20, 70, 3, 116,
cipere 99, 15. 16, 100, 11, 66 66 7, Ezechielem 4, 11, 66,10; 164,
(= per uel ex se) esse 174, 26, 7. 16 (a. (166661.) caeptum Hiere-
66 666 666 nnus Christus 126, 1616111 162, 13, Moysen 164, 15,
1 - 6. agere, blandiri, contristari, 6016101111616 55, 23, 59,,15, Esaia
depellere, deriuare, descendere, di· 41,11 ;Ezeohiele61, 13;94,13 ,116
6616, facere, foris, interrogare, 116180, 19,Η16166116114,16,165,
labi, laborare. loqui, nasci, ,1166- 4,1616116610,15.17,113,8,116,66
. sumere, recedere, scribere, sepa· 153,18;160,19,162,24, 1632,

1616, 180, 13;361616666 6416, 80, 19,
dealbatum ,1611616111 4, 6, 94, 14, 114, 4, Samuele 112‚e; interiori

aras 82, 22, aes, 22, 96, 7 1 16228,1116161162,16,61111611 77,

 

