324 111. Index ι

1111111111111111111 179, 19 Ι tormento 29, 14, 58, 13, 170. 6
terminus 38, .19. 24, s 34, 5. 8, torqueri de 50, 12 ·
181, 20 torques 80, 1
1111124, 14. 17, 34, 3. 20, 79, 9, torus 114, 10
136,1. 5, 145, 13 511,148, 17, 1111111111 11, 9, 20, 24, 33, 11,
153, 18; 15418, (oppos. 11111) 42, 3. 6. 7, 60, 10, 93, 4, 106,
160, 26, 161, 17,169,14,177, 15, 141, 12, 15319, 163, 21,
16 -ozon 34, 1; 44. 8, 123, 173, 17, 180, 19, 111 11 tales
10. 17,11111111 11511 (q. u.) 111- 17, 9, tot 11 tantos 147, 14,
pissime 1111131, 16, 36, 5, 69, quot - 111 95, 13
13, 147, 11, 176, 21 totidem sententiis 29, 2
terrenus poter 123, 19, terreno totiens 96, 15, 107, 24
123, 13 totus possim 1111113111, 1514,
terrere uiuos 155, 11, litteris 82, 20, 2. 22, 50, 3, 66, 3, 135, 12.
5: territus 166, 27, 167, 6 16, 145, 4, 177, 21, 11511 (111-
terror 68, 13, 82, 8, plur. 63, 22; 111111) saepissime 18, 4; 28,12;
158, 5 34, 3, 35, 17, 36, 1. 5, 69, 13,
testamentum 6. q. libri 11111) 68, 86, 13, 147, 11 (1111 1151), 11·
9, diuinum 94, 1,11111111 106, tum ponere 126, 5, in totum
1; 107, 1, adsumere poros 106, 1111111 166, 23, toturn hoc quare
21, seruere 107, 1, 1111111111 72, 21 - 1111 = omnes 38, 14;
seruire 106, 1, cfr. 123,12. 16. 42. 15, 167, 30 (efr. 1111111,
24,]24,1. 27, 149, 19, 150, 21115. f. osten. Gomon. 1884.
2, 1653 403 tt Italo p. 338, Aret. s.
11111114, 4, 12, 1,16,13,23, 11, 50, 111. 51111191. ΙΙΙ, 470, VII, 480,
6. 21, 70, 2, 71, 19, 116,8, 1813 Ro. Mos. 37, 107)
testificari 56, 18 1111111115111.π disputare, 11115111
testimonium 16, 13, 43, 19; 79, 8, (cfr. tractatus) 6, 17, 8, 20, 119,
1111111118, 15, 111, 22, fidei te· 3.17; 139, 11, male 7, 10, 8,
111111111138,8 24, 9, 18, 146, 7, 155, 11,
testis 73,14,1.1(11115111, inducere (= 1111111111, contionari in 11-
thesauros 1111511183, 12 closis) 179, 12
11111111. 111. 19, 5, 60, 8, 63, 8, tractator (= concionator) 174, 10
10,74,12,107,10, 112, 816, tractatus episcopalis (1. q. episc.
11117514, 104, 16, 10515, exhortatio) 179, 14. 18, (--11-
15111. 68, 14, 11 128, 20, quia 511111) 6, 13. 18, 7, 17 , 107, 8.
105, 3. 5. 8 - 11. 13, 118, 11, 119, 3. 11, 139,
timidi 161. 27 1, 140,1, 173, 25 .
timor dei 5, 1, 11111. 41, 9 tradere 15, 22; 160, 16. 28, 161,
1111111 s 125, 18 25. 26; 163, 121314, 166, 12.
tingere <=boptizsro1 10, 11, 129, 16, 167,11, 171, 4. 5, aliosi
t 11, 16, 111111111011111198, 20, (aliquid) 20, 6, 162, 2, 167, 5.
cfr. 130, 4. 5; 133, 1. 21, 135, 6, 13, 170, 6, absol. 18, 17. 20, 21,
tincta 1111111(π 111111) 134, 15 19, 159, 19 , 162, 5. 11, 166, 24,
tiro (oppos. princeps) 38, 21 167, 14. 22, 168, 5
titulus (1. q. initiumtz scismatis traditio 15,10,17,12,21, 22,22,
, 22, 21, testamenti 124, 7 511, 15;57,11,159,10.12,162,26,
libri 161, 7, 11 hoe titulo (11111- 177, 14, tr. et scisma 22, 17
..1111111111. 11111111·111
calumniam 7, 21; 11111111, 11511111, 1's. 2'3 oo’. 11ξ
1, 11 altum 151, 17, sublato 173, 22. 23 ,· tr. 11 scismaticus
1111111111152, 7, 11116317 7, 16; 31, 45

 

