uerborum 11 locutionum.

haee — ills 164, 23, ille- 1111
88.1; 154, 23, illi—uos 23, 1;
143, 23, cfr. 164, 4, 1111 - 11
161, 16, 16615, ille-quipasse'm
11111115, 15, 11,11, 12,8, 1115,
28, 11; 51, 15, 62. 3, 70, 9, 83,
9. 12, 97,1.21; 102, 5, 11112,
111, 11; 111, 11. 11; 111, 11. 1
20, 155, 21, 174, 2, 11111- quod ,
saepissime 7, 10. 12. 17, 32, 5, i
77,18, 8971921, 98, 15: i
102, 4, 121, 14, 149, 10, 152, 1

281

146, 3, 11113, 7, 33, 20, 59,
10, 62, 15. 19, 110, 13, 123,
22, 131, 2. 19, 144, 3, 168, 8,
173, 8, b) sens. 11111111. 111-
1111111 1111111111 11 catholicos
51, 19, 111 hostiles in iugulos
63, 2, probare 11 , 8, 20, 23, in·
1111111122, 18, mittem monus in
11111111- 63, 7, cfr. 13, 15, 20,
24, 31, 6. 7. 8, 62, 5, 7, 87, 18;
135, 13, 164,24,1)11111. final.
in remissam peecatorum tingi 10.
10, emere in usus 146, 8, acuere

14,15, 161, 13, 17616, 181, “
23,1111(111ο(1...1111114,4.6, 1
’ 111111-11145,23, -1111111111 1
11111 9, 23, 37, 18, 39,10; 70,14, .
8318, 115,13,122,10.11.16,
135, 17, 140, 20, 143, 171322.
25 111,· 145, 16, 148, 8, 154, 6
1117. 8. 9. 11; 156,15;175,13;

in gladios 61. 1. 4, 1111111 60,
23, inmutare 97, 18, 139, 10,
11111 11 ossula 137, 17. 18,
coartare in angustum 33. 16, ders
in incendium 167, 18, 111. 14,12, · '
61, 5; 82, 10, 94, 6, 100, 2. 9,
111, 24, 120. 14, 134, 15, 143,

11111-11111193, 5. 6, illic-ubi 1 14,150,5, -111-011111104,10;
1 11 faciem (z instar) 156, 13; 11

1111111144.13 1 unumquiesoere153,l6;inuallem
1111193, 5.6 ι hoe deus interrogat 72,7
imago innocentiae 22,11;111.119, in 1. ablat. a) 11111. 111. sescenties
22, sd i. uiuentium 156, 28 ;( ε 11 primo libro 45, 21, 48, 5, 78,
figure) 8, 6, 120, 12, columbae 9, sie saepissim03 in euangelio
113, 17 ; imaginem (se. impero· habemus testamentum 123, 12,11
toris) proferre 100,7,111]111,1ο1 uno positus 155, 17, cfr. 46, 19.
157, 6 . 20, 11 urbe Romo 38, 12, 11 lege
imitari 23, 8, 24, 4, 64, 16, 102, (9111111111111111111141,9,4018,
7, 10619, 13915, 143, 23, 156, ¹ 4l,10; 64,16soepe'res;in euangelio
9. 10, obsolute 25, 3 Ι 41, 16 saepissime,⁸ in peeeeto de-
1111111620 1 11111145, 14,111. 7,7, 10,4.5.6,
1111111111· ese-..emes
15. 19, imperantis 167, 21, ab· 10; 70, 8. 9111. 11 111, 80, 7,
1111111663 90, 18, 101,4; 110, 14,140, 18. Ι
imperator· 17, 21, 25, 17 , 50, 19, ¹ 19;111 memorie hebere54,8;1rabi·
73, 14; 75, 11 , 111111111150, 116111111111111179,10,·11188,
1. 12, 79, 19, 80, 17, 81, 4, 4,1111111111111111189,13,11111111
passim , inpersone37, 17,-1111 incaelis
imperiose uirtus 92, 10. 19 1 104,7,111 1111111199, 14,11111111- >
imperium 82, 14, Ronrsnnm 74. 4. bus 6, 13, 93,14.17; 148, 7. 8, 11
7 11111111, (= 111111111111111111 1 1111111145, 15, cfr. 15, 5, 64, 7,
74, 4, 114, 12111, 127,12; 137,
3, 148, 3, 176, 21, :inesse 8,
5, 10, 1, 46, 1 111, 56, 4. 16,
115, 11 , 1261416. 17 511. 23,
175, 10, 1911111, temp. 59, 13,
69, 8, 78, 6, 82, 6, 90, 8, 145,
8, 164,10; 170, 9, saluum in
origine 161, 3. 8, 1111111111.

11 1. 111111. a.) 111111111111111111111
(conuenerunt) in domurn 16, 11;
26, 123 trahere in 'captiuitatem
68, 12, 11 1111111111 11111127, 4,
11111111111111111111150, 1, 11 iudi·
11111 uocari 160,14, 1111111111· r
111187, 15, 103, 19, 122, 19, ¹

 

