uerborum et locutionum.

dulcedo 101, 5, 154, 3

dulcis 0000153, 16, dulce.. ,de
1111011013. 7

dum1=cum amplicat.) c. 1110110111.
saepissime 1101111 13, 12, 10, 2. 15,
22, 7. 18, 34. 8. 15.18.23; 40,
16, 50, 7, 63, 8. 17; 70, 6. 7,
85, 21, 90, 2, 101,11, 124, 15.
20, 144,8, 152, 8, 164, 3, 174,
5, 1001001.0.1110110,56,14.15,
78, 13. 14, 94.;5 104,11,134.
5. 7, 143, 1,2 161, 25, 175, 17
1111111111 1111
17, 181,9. 1'0- 0111110 110150
171, 19. 20. 21

dummodo constet 85, 12

duc 28, 4, 52, 5, 16913, duae
53‚4; 86‚2; 166,8,100(11.) 22,
16, 114, 11, 116, 2. 8, saepius
-- duorum 29, 4, 38, 4, duobus
166, 19, duabus 33, 9, 90, 10,
126, 25, duos 88,14; 95, 10,
108, 13, 149, 18, 150, 2 (due
88, 13), duas 21, 24, 47, 15, 86,
4, 119, 5. 18511, 120, 10. 18511,
126, 18, 175. 2, 181,4; -1οο
uel tres (oppos. uniuersi) 84, 10

duplicare (i. 0, repetere) 125,16.
001, 1,,210 12· ;==peccatum( augere)

durare, (1.10. resistere, permanere)
96, 15, tabulae duraturae 123,
22;csr.164‚3

durissimus 139, 2. 6

duritia 139. 9, 175, 11

dux 50.14; 53, 10, 82, 2. 6, (oppos.
0000106313

11,010100001.101111100110.48, 12,
69, 16· 149,2, 174, 2. 25 (sed
0101715), ex 1001169, 22,
netum ex 100109, 3, 10001. 17,
15. 16, 26, 9, 77,17, 0110001101.
64,14, 83, 7, 100, 13. 15; 119,
14, 137,4, 14113, 151,15; 173,
24, 174, 10, 177, 11, (=in1er,
in nurnero) 15, 22; 90, 10.14;
cfr. 51, 12, 82, 23, (= de) 83,
9, 94, 11, auditum ex ore 99,
14, fectus ex 50, 20, 168, 12,
155, 23 bie. 24100. 25 01026,
cfr. 83, 10, 011010 93, 19, 131,

271

14, 155, 18, 163, 17, 168, 13
16, ex 00110 130, 11 ; er auro

.. ornamenta 19, 10; exturba
10001010 110, 4, ex quo = quere
44, 1, excedere 134, 18 , 0111110000
(011000)01110 102, 8, 110, 5, 0
contrariu 60, 10, 169, 7 - u.

condire, describere, excedere, exire ¹

ebibere praedam 20, 8

0000 38, 4, 43, 8, 52, 11, 53, 10·
54, 15, 55, 7,,8· 83, 1,0 109
13,]128,22,·161,6,162,19, 163,
17; 172, 22, 113, 9

00010110001111000107,15,12,13,
256, 43, 3510, 51, 9, 71, 2,
6, 91, 9, 105, 12. 18, 165, 12,
catholica 6, 18; 36, 4, 11, 18;
118, 4, 159, 4, septiformis 147,
16; 0011010000101) 1319, 45, 9.
17. 18; 46, ’1, 50, 4, 104,1, 148,
4, 158. 2, membra ecclcsiae 51,

’ 00010010111011-0-010 78, 6, 93, 20

ecquid uisum est 122, 23

01001101001101010 53, 12

0110101111011011110111100110115021

edidisse animes 122, 9 .

01001101.(10001011ιο12213511.
Gen 1. 1),· gladium 902

effectus operatus es 159, 11; effee-
tum inplere 77 3, hebere 20, 13,
011,165,24,011001000101092, 16

efferre: 0110111 corsuum 77,4, 78,Ι
16 (11. exalt 1010)

efficere 10 152. 7, partes effect 100
48, 10, cohortes 83, 11, efficientia
134,11;-rebuseificientibus11,65
21;h01ucfidehseffectus1,34 11;
061010000010010116522,0110010
consideranda 184,1 1,0 05005110
165, 22 23 -

effoderze lacus effossus 116 3. 18

effundere maledicte 73, 21

001011(0)10.11111010) 111, 3

electionis uas (Paulus) 92,19

eleemesynam miserat 74, 14, sa-
0101110181, 3, curu eleemosynis

elementa duo 116, 8

elidere (= exstinguere) rectorem .
57, 20

eligere 8, 16; 20. 3, 107, 3, 127, 8,
128, 3, 140,10; 165. 28, 167, 83

 

