uerborum et locutionum. 311

est 15515317, 97, 19, 98,14,
127, 17 bio, 129, 8; 145, 18, 151,
3, 177, 9, 179, 23, 5115551151,
4, 1511 5555115 56, 14, 1511
55115 51 93, 13, quid? si 47,
10; 75, 4, 86, 12, 94, 12, 161,
20. 29, 166, 4, = 515· 34, 17,
47, 5. 17, 53, 2, 62, 5. 6, 93,
19, 95, 2. 3, 111, 18, 135, 10.
11 515,143, 13, 155, 8. 14 bis.
15, quid? quod 166,16, -- 155
12, 160, 24, 11511 1515 (= ὅτι) 1511555 139, 4, 1431719.-
165, 20, 174, 17. 22, 176, 3 - 555 - quis 168, 13, 555 -quis
555551, 5151115. 5, 23, 10,1. 7, 181, 3, aa 51 1511

12,1, 22, 10, 3213, 44,13, quisnam: quidnam 148, 19
45,16; 49, 7, 59,16, 63, 22, quisquam 49, 5. 6, 151511515100,
73, 12, 80, 19. 21, 93, 5. 6, 17,55115511155511515108,6, 555
104, 3. 6, 112, 15, 120, 22, 123, quemquam 109, 16, 5515515511
7, 130, 16. 22, 140, 23. 24, 150, 165, 3, 15 quemquam Iudaeum
4, 168, 5. 9, 14, 1155- 1515 167, 20

7. 11;8, 17, 77, 2, 89, 8, 96, 1515155 36 17, 78, 2· 112, 15-
16,112,17,121,15,130,21,55115155
131,19,169,16,1515-1156 15151515-151515115 1155115. 6, 4,
25,1, 5 55151. 1315, (= (1555) 43, 3, 48, 3, 64, 14; 77, 6, 81,
551820, 5618, 64, 3, 65, 9., 83, 17, 85, 6, 87, 6, 123.
8, 70, 15, 77,6; 80,21, 89,]1, 18, 147, 7, 159, 20, 160, 3. 4,
101, 7, 10316, 12313, 165, 172, 12, 174, 10, 5. 55111. 63,
18,176,,2 55515155151113 21, 64,1, 83, 21, 125,,11 134,

15, 1555 agitur 118, 8, 151..
1511155..151..15155..151 169,
4-7, cfr. 70, 2.11; 71, 2. 3,
72, 2. 3, 113, 14. 15: 151,13,
153, 16, 161, 6. 7. 23, 24, 175, 5
10—12; 180, 16-19

quia pro 555. 51 ias. (e. 15515.)
passim 551518, 7, 13, 16, 35,
2. 3, 48,1, 53,14; 61, 6, 89,
19, 92, 5. 7, 109, 8, 118, 11, 119,
14, 125, 4, 132,1, 144, 8, 153,

11, 555 1515 555 potuit 74, 21, 22,· 15115

55151555111611,111115151515 1515156, 16, 123,14, 170, 9

15555165165, 126, 7· 140, 21,
144, 9, 1561551111 55 (= (1511-
cumque) 110, 6, c. 55111. 95,8

quidam 7, 8, 19, 3. 13, 33, 20,
38, 18, 39, 5, 57, 17, 85, 20
615, 98, 16, 116, 14, 131, 5,
161,10, 178, 5, 1551515 modo
10, 23, 24, 7, 93 9 14416,
147, 17, 1503, 5555155515555111
15551 (5. 55.) 139, 2· 145, 2

15115111- -55115, 8. 19, 8, 2;0 61,
7, 67, 7, 86, 18, 114, 20· '2120
12, 129, 20, 140, 24, 1511551 -
tamen 44,5

quiescere in 55515 155, 16, 15 15-
mulo 123, 24

quietorum animoa perturbantes 53, 5
quis 9,14 (a. 5511551,), spiritus 43,
16 , Gabriel 98, 10, 55 quis 96,
14, 151 prophetae 98, 10, 1515
553352355393’ 1⁹1⁵ (111116

1551 515115 pro 555. 511515·

5555151 78, 16, 551115 99, 15,

15555115 118, 9, apparet 162, 21 ;
5115 10, 9, 5. 5515151. 551551 511
4, 21, ostendere 9, 17,1551511515
16, 18; (151715.) 81, 5, prouidere
21, 24; sententiae 15155 27, 5,
115515 45, 15; 134, 13; 5551155111
15111110, 9, senaa 5555. 5. indie.
44, 19, gloriari 64, 5, 1551511
164, 2, contempto 14, 10, ingrati
47, 21; 180, 28, cfr, 161, 12,
c. 50111. 16, 3, 20, 25, 44, 7,
49, 18 , 86, 22, quid 551 quode.
ind. 38, 12. 13, 551 (nihil) quod
5. coni. 140, 6 bie. 7 615. 11,1155
551155155177,9,11151-15.
5. 111146, 21, 5. 5551. 114, 17,
5515 551 1551 5151. 56, 2, 1515 ·
est quod 1318, 5. 5511133, 13,
151113159315111
5, 15, 55, ’15,’56 56115615,

 

