uerborum et locutionum. 299

saepissime omnes qui 127, 15, 35, 17, 33, 1, 37, 12, 92, 24,
haecomnia 1483, 153,4,0111010 120, 13, 169, 6, 0010 00100100
quae 31, 8, 57, 15, 116,15; 176, terr. orbe 48, 6; per 0111100101-

6, 181, 14, efr. 3, 8. 12; 20, 11. bem Romanum 11,2; 101100 orbis
18, 68, 8. 14. 17. 20. 22, 76, 8, 0100110100 71, 22, 011110 (se. 101-
170, 7. 25, 180,1passim rarum) 153, 18
, operari 22, 19, 51, 13, 90, 9. 17, orbitas matrimonii 151, 16
122, 6. 20, a'm aliquem 51, 19, 01011010 aliquem 17, 12, 21, 3, 44,
seme. pass. operatum 001 (=con· 11, 00100 46, 18, cuneta 57, 17,
fectum) 85, 12, 130,12; (εο111011) in (dannomine (00100001) 01011011
110, 12, sine operante 122, 13, 52, 13, 58, 17 , 135, 10, ese. 19,
esr. 137, 6, absol. 11, 20, 45, 20, 20, 4, 9. 21, 28, 6, 29, 4.
16, 55, 8,· 96, 20. 22, 122, 14. 5, 61, 16, 72, 6, 119, 7, 173,
17, 126, 7. 17. 21. 24, 127, 1. 13, 177, 13, 100 0 000 01010010
3. 8, 129, 24, 130, 2, 133, 9.10, 96,16,11100101100101101100113,12
137, 20, 157,7,159,9.11, 160, ordinatio 17, 11,18, 12, 20, 17,
2, 166, 21. 22 4 44,1,10001018,6,001011101020,
000101100 rei 73, 8, 121, 22, ope· ι 1, 21, 13
0111011000 a. q. administri> 9, ) ordinatarum 20, 15, 21, rs. 23;
5. 13, 46, 9, 5412, 67, 61, 85, ⁴ 29, 4. 6, 78, 17
9. 18, 86, 24; 93, 2, 127, 8. 0100 8, 21; 15, 7, 113, 14, 177,
10. 14. 15 (opp. 00011000), 131, 3, 000 158, 4, 111 ordine 174, 8,
24, 175, 2000000100, 0 pecca· 001 85, 2, 88, 11
toribus operariis quales 10011111 orientales (00. 000011) 50,9, 147, 12
00010111 85, 13, 101 artifex aut origo 12, 18, 32, 3, 37, 14, 45, 4,
0. 94, 5, a. baptisma 161, 3. 8, 166,11,1101)01013,1,
opimatam carnibus partem 49, 14 00 93, 9, in originem(e) reuocare
(0(1. 48, 18) 122, 19, 147, 8
opinio 30, 11, 100, 3, 101, 1. 6, oriri: ertum 1110101017, 19
in sinu opinionis 101, 4; 001 010010001011136, 6, 4419, 4320,
opst 7,4 74, 13, ex auro 19, 10; 0001110
0001101 23, 14, 130, 11, 144, 19, 151,19
159, 2, 181, 23 ornasti (nauem) uelis 105, 7
opportunitas 62, 23 011 0110 00110 35, 18
opportunos uentos captasti 105,8 1 os(ris) 35, 18, 41, 3, 162, 2, 010
οΡ11511517118’130718081ος0 1 tuotdirtisti736,2251 , rpultgrrnlrp 010
, ,;=aur 010 , , 00001101 , ,01.,ι,111
inplere 134, 24, (ε baptisma) 010 000011 76, 15, auditum 01
127, 12, (opp. 00111011) 135, 8, 010 99,14,0000111010 00100106.
operibus 00100010 110, 8, 111, 4, 21, 010001101100 120, 19, 010111-
0000 0011 001 (00. 0110110169, 21010 010000 143, 14, 010 prohibuit
01010 010 74, 10, 104, 5. 11. 12, 159, 21, 0101001010111 165,14
144, 3, orandi 1110110010 104, 4 00 martyris 18, 17. 19
010110 (1. q. precatio, 010000) 23, 20, 000010 denegare 108, 5, 10010 11
104, 4, 144, 14, 0000110056, 12 , 000010 137, 17
94, 2, 168, 17 , longa 139, 5 0010110010 0100100 119,13;a12'qaem
orbauit aemulatio 000100 23, 5 nomine (= 0011110010) 49, 3, ra-
orbis 1011010111 28, 12, 34,16; 69, tionem 70, 8, 168, 12, 01100111-
13, 147, 11, 170, 1, 176, 21, 01010000 119,19; 01000 120, 18,
0. (1011003) 34, 3, (10) 1010 10101 ostensus 57, 14, traditores
terrarum orbe 31, 10 ; 36, 5, 45, ostensos 158, 2, filius 001 00100000
19 , 47, 16. 23, 71, 17, 10512, 00100101. 113, 9, sequitur quod
totus orbis (00. terrarum) 18, 4, 9,18, quia 35, 3, 135, 16, intem

 

