310

purgare (i. q. 11111111 absoluere)
pu111011e;1595,55?154, 16

puritas 38,17; 100, 15, 145, 15
purpura 134, 6. 12. 16, 150,11

11111111

quaudo 29, 11, 97,1,151,6, 152,

9, 173, 21, = quomodo) 57, 19,
167, 15, 181,13, (= aliquando) -
77, 17, 78 6, (= quia) 83, 4,
113, 18, 116, 20.

11111111111111111134,611Ῑτ.1161111 quantum 11 nobis 111 15, 4. 5,

2111111, dat Gymo. 1884, 403)

putare 1611114111, 96, 2, se ,

11115311, conuiuia quanta po-
1111 dixit 80, 4, osr. 138, 25,

1111111128, 7, 129, 7, 111127, 1 152, 10 511, - quanto 163, 22,
20, quia 128, 12. 16, 1111. inf. 1 magis 74,11,011,111111’174, 12 bia

21, 23, 43, 18, 79,18, 109, 21 , p
116, 19; 136, 25, 148, 6, 174, 2
11 , 178, 8, 1111 om. 64, 6, 154,

16; nom. 1. ias. 12, 3, 165, 5

0111111111111111 11, 14. 15, 12, 17,
42, 2 511, 77, 18, 123, 23, 145,
l. 115, 165, 22, 1111111111 est
1111111111111) 104,15; 123, 6.
8. 11, quaerendum 111 25, 9,
(= adduci, conpelli) ad 159, 2,
de (=geriohtlioh untersuohen) 29,

8, (= interrogare) 149, 21, a. .

infin. 63, 18 , 11 quaeras (11.
ostendere) 119, 19, quaeritis quae
110, 2, 1221

quaestio 111 11, 11, consistit 118, 8

quare (= proinde) 5, 7, 13, 14,

afr. 15, 1; oo, 5; ao, 1111,
18; 101, o; 111, 1, 111, aa
115, 5, 111. 1; = cur 11. 21;
11, 18; 15,1. a, 11, 11; 11, 12.
1311114, 11, 15, 111, 1ο,
111, ao 141, 4. 7; 148, a; 154,
11, 111, 11, 1115, 111, 1,

quasi (= 1111111111) 8, 3,18, 10,

2211, 33, 20, 54, 2, 69,17,
75,12, 80, 8, 95, 21, 111,3,
125, 19, 131, 5, 145, 2. 3. 18,
154, 24, 16012, 1711911111,

1 -1, indic. 11, 3; 161111.

1011110111. 8, 10, 21, 4. 5, 24, 8,
46, 18, 48, 8, 54, 20, 56, 8, 76,

qualis 54, 15; 55, 7. 8, 69, 19, ¹ 18; 86, 22, lll, 18; 181, 12

111, 11, 19; 81111, 15,11; *quassatio (= terror, trepidatio)
116, 16, 127, 4, 128, 13. 16; 1 1111111111152, 20
140,1,11111- quales 168, 10, , 111111111101 1111121, 6

illud quale est quod 98, 15, 153, j
14,176,16-1111111111111180,27 1

qualitas 162, 7

quarn 1111111111ωὸ, 1, 57, 10,
64, 1, 65, 15, 76, 18, 77, 9,
85, 8, 137, 10, 171, 5. 19; aliter
quam 57, 20, 94,1; c. adieci.
oet oduerb. 13, 18; 79, 17, 80,
14, 133,12; 149, 10 019, quam
plurimos 85,3

quamdiu 109, 11, 128, 8, 156, 7.
95107 (= donec) 1. indic. 123,

que: longa lateque 47, 5, cfr. 4,

1, 46, 10, 56, 23, 114, 13, 147, 20

quemadmodum praeced. 11113111
querelam deponere 85, 2, 144, 5,

plur. 52, 10; 76, 11

queri de 52, 10, 111. e. inf. 93, 2.

23, 1511111193, 3

111 ereberrime 1111111011 11111111,

ille, is, iste, omnis, (1111 1.),
εωπὼωβψω
95, 2, quod (= qnid) 80, 11, 11
qni in 1111111111 principio 14,
11, 60, 20, 157, 5, 1110111111

11111111111111111111889,1111115. 1 artius per 11111111 copulantur

quamuis 1. 11111111. 4, 20, 7, 11,
8, 7, 12, 9, 14, 22, 43, 23, 47,
23, 77, 2, 110, 9, 123, 17, 130,
13. 16; 159, 8, 160, 19, 163, 13.
29, 164, 4, 165, 15 - 1111115.
5,6 7, 92, 19, 94, 12, 16319,

saepissime: 3, 8, 11, 20, 19, 6.
11, 26,,6, 38, 1, 55, 11, 69.
9, 70, 1, 86, 18, 92, 3, 109,
3, 119, 14, 120, 14, 127, 7,137,
10, 146, 4, - substantioe uitro-
110 36, 15, 40, 5, 71, 3, 84,14,
104, 9, 158, 3, 167, 23, 170,
21, 11111111111111111111111 qua

 

