uerborum 11 locutionum. 329

2, religio 86, 17, 111111 126, 4, (= 1111111 11111111 uoluntate

1ο1111117,,5 embolum 176 22 179, 11160, 3. 23, 179,4 4)
11115111111111116 5, 119, 7 11111111111114, 14, (11 pectore
unitas saepissime uelut 13, 21, 23, conuicium 43, 17

2, 36, 16, 49, 8, 60, 10, 52, 25, uoto. 142, 7, 144, 12, pro u. suo

163, 21. 26, 170, 14. 19. 21. 51, 1, 111111. 111111111111 68,

23.24,1.ορ111111,111111,111· 29, 611111111149,20,11111111

plecti 1 concipere 60, 20, 111511150, 2
1111111113, 14, 9, 20, 22, 11, 33, 1111-11111111161,3.4,1.1.111-

16, 35,l9; 4367, 8410 961 51118448 15 77,.23, 87,

3,137, 3· 169, 5, 167, 18 p 18,1011,2,112,4.6;132,17.
unus 13, 11, 86, 2, 107, 5, 127,i 13, 140, 26· 157, 6. 7, 11111111-

12· 169, 12611, 111133, 32, 6. 1 1115,1,9 1111161111, 1111111111

8,62,14,1111117,15,11,21,42. 86, 2, 6111111148,12,112,10

8,89,16,159,7;11161,11;11ι111 14,124, 17· 136, 17, 111166,,1

5,21,15,10,24,2,42.15,63,16, 85, 22. 23, 86, 4, 88, 17. 18,

764, 94, 2, 1068, 122, 21,147, “ 89, 6, 148, 20, cfr. 164, 14. 23,

2, 166, 12, 160, 26, 175, 9, unam aod. 31111111 113, 201 130. 18,

9, 2, 12, 1. 2. 4, 5314, uno propheticorum 4, 19, 127, 21

22, 7, 42, 13, 69, 10, 89, 6, 93, ι urbice (1.1. Romane) commoratio

22,103,12,126,1, 169,9, 174, 38, 18: 1. zephyrinus 11111. ΙΙ.

25, une 67, 17 , 70, 8, unus - (cfr. Uict. Uir 13, 1 cd. Ρ11115.)

11111 42, 12, 96, 11, 120, 9. 1151131111 26,16; 1111111235,

10. 11, 153, 9. 11;172, 18, una in urbe 3111138, 12

11111115616, 11111 1111170, urgentibus coepiscopis 52, 6

25, in 1111111147, 21 · 1111119912
1191311113 1313 ¹¹⁸3 1111 334111

82, 10, 94, 19, 98, 16, 100, 9, 1111111111111111111170,8,111111

104, 7, 107, 16;110,16; 121, 21, 25, 6, 111111116139, 18, 111111-

122,23,128,10,1,62 8· 160, 1111115611

31, 162, 29, 165, 9 1111111 1111)1ι111146,8
111161111134,9,161,71.11 coni. α 3111111111116, 8.
uocare: 1111111114114,64,19, 17, 19, 7 20, 22, 1. 6. 21· 29,

66, 7, 77, 14. 16, 98, 19. 21, 7111111111), 33, 2. 3. 7, 46, 4.

99,2.,,..3147182021,,156 5;,.;58l459,l8.;,21639.

10,175,10, 177,17;cfr.quid 12, 72, 4, 83, 2(1ο111ιι1 esi)

111111166,14,111ι111111ιι11160, 1520, 96, 26. 21, 100, 3. 6,

14, 111111 111 terre 34, 20 (cfr. 104,4611,119, 12. 15, 136, 4. 7,

Matilo. 9 ,13,1 ιιο111 1 (opp. electi) 143, 10. 14, 151,1.14, 163, 28,

8318, 140, 10 173, 14. 17, 180, 21, 181, 6,
111111111111111111111 ciuitas 68, 7 11 111 dixerim 93, 7, concedite
1111111169 9 47,4,11--1111·111·26,10.12,
111111111111 122, 19, 157, 3 11-111-11111151,10.11,
uolatu simplici 15614 b) explic. 43, 16, 63, 20, 86, 7,
uolumen aetorum 28, 15, 29, 16, 89, 18, 105, 2,178,6. 13, 181,

3613111111.) 4, praecedit ille 140, 20, 161,
111111111111111 33,16,41,8,63,16,178,16,111111111. saepissime

21,149,11. 13,151, 1. 919, 5,11,6,12(111111111.11111.21,

167,10, 111185,18,94,11.12,12,,6 14,2,28,11(111111,33,1.

147, 10, 159, 7· 1,63 28, 180, 20(11111),40,10,57,17.18,67,

5. 6. 8- 1111111111111111149 676, 12. 14: 82,8; 98,7; 100,

16, 159, 18, 160, 5. 20, 167, 33, 10, 112, 17 (1116111111), 116,

xxvr. 22

 

