294

cfr. 77, 1, plus 5515 afflnfin 149,1
1, 5551115555511 160,25,511111-
1555 15, 18, 51,12, 52, 4; 82,
21,150,15,152,18,55515
plurimos 85, 3, cfr 19,10

multiplex fraus 156, 20

multitudo sacrilega 24, 11, 155555
82, 7, 1151515551 133, 7, cfr. 38,
17; 68, 4, 83, 5, 143, 13, 171, 11

munda fit domus 11014

mundanae litt torae 75, 22· 79, 13

mundare ab sordibus 9, 20, cfr.
10,18,93,15,113,11,128,10.17,
15 1551551 pristinam 120, 14

mundus 13, 13, 177, 16, natales
mundi 153, 17, 164, 10

1555115 55 555115 152, 5 (551511.
51551), muniente deo (1. e. pro-
tegente) 54, 7

munna caeleste 122, 22, baptisma·
tis 133, 13, munera 5551551579,
22, 511515 80, 6. 9, muneribus'
repudiandis 79,18; cfr. 127, 18.
19, 133, 11, 136, 9, 143, 2

155155 166, 30, 167, 9

murmurare = strepere 17, 1

murus 72. 4515, 155515 69, 16, 17 ,
15551 Hierusalem 70, 10. 17

muscae 174. l. 7. 9. 11. 14. 17.
22, 175, 6141618, 176, 1.5

mutabilis persona 126, 26

mutare aliquid 44, 5, 145, 19,
177,10;1555111115 151, 16, per-
sonas 30, 16, quid in horninibus
132, 11 ,· 15 51515515 mutata 97,
18, cfr. 82, 15, 100, 17, 104,10;
127, 1 bia. 10. 11.14515,132,
2,134,9115

mysterium 113, 14, 121,17,127, 4,
sacramentorum 47, 12, mysteria
initianda 113, 12, peragere 145,9

Nam ereberrime 6, 7. 16, 1513,
25, 14. 16, 31, 9, 43, 16, 57,
15, 65, 14, 71, 18; 81, 22, 92,
1, 110, 8, 125, 3. 8, 132, 20,
140, 21, 150, 14, 180, 8. 20

5555555555515155516, 14, 159, 16

narrare 73, 13, (= ostendere, de-
clarare) 34, 18, 155, 18

nasei de 14, 11; 45, 5, 110, 10,
114, 14, per 3, 6, corporaliter
9, 23, 5515155 (zizania) 169, 9. 13,

11115651

5515551 deo 109, 3, secundnm
hominem 147,12,515551 174,
21. 24· (-- 5115) contentio 123
23, 5511 (11. q. indigena, 51515) 42,
4, 5555551515 unlnerum139,;3
565.103,11,110,9,115,1,3
122,17,156,1,169,18,175,
7(opp 55. coniectum)

natales mundi 153, 17, 164, 10

55151515 aqua 140, 12

5511111155 spiritalis 5, 9, 46, 16,
inmortalis 121, 19, 555155114, 13,
hominurn 181, 10

natura 134, 5, 174, 4, 175, 8

551515115 uirtus 115, 11; duritia
139, 9, amaritudo 153, 19; rami
156, 15,511)5155 156,18

555551 fabricasti 105, 7

naufragium peecatordm 121, 21

nauigare 166, 1, 555. 105, 8

555155 timendum erat 1,05 9

55 serra ,15, 6, 3, 14,20,19,1;
21, 8, 3017, 36,1. 16; 89,13,
90, 6, 103, 2, 103, 5, 109, 1,
125, 22, 130, 12, 136, 8; 138,
18, 145, 15, 157, 9, 159, 13,
161, 17, 166, 16, 169, 20,175,
5, = neue 40, 10, praeced.
obstare 75, 4; 81, 4, inpedire
138, 13, timere 123, 20 , o. relat.
prora. qni ne 169, 4, afr. 3, 9,
68, 4, 113, 19, 55 qnis4‚18·,
96, 14, 136, 25, 161, 9, 55511-
qui 61, 16, 55 —- 5117315.

555 saepissime 4, 2, 65. 15; 94, 1,
101, 2, 124, 11, 135, 6, 140,13;
152, 7, 168, 13, 181, 22, .-. eata
55511 nieht 5, 12, 24, 19, 3817,
40, 1. 11: 61, 11; 83, 4, 91, 4,
118, 11, 123, 17 , 135, 12 , 146, 4,
151, 15, 161, 99, 173, 11, 180,
3, 181, 5, non —- neo 56, 10,
73, 9, 76, 3, 78, 15, 103, 17,
109, 16, 115, 10, 165, 1, 555
55115 66, 1, 555, 515 10, 7, 139,
14, 180, 11, 555 alterum (= ne-
511515) 166, 20, 555 51155150,
10, 555 . . 5511111181, 2, 555 -
51 91, 18, 166, 16, 167, 30,
555 - 51 nihil 11515, 116, 1,
555-51- 55595,17.18,51..
neo .. 51555115, 14. 15, 555 -

 

