uerborum 01100011001110. 279

gustare de 0001111010 (00010) 99, 15. 1 16 , 601010 25, 18 — 600 001 01
16, 100, 11, 1060 g, 100, 10 44,5, 01061, 14, 72, 1, 111, 14,
0011016316019,157,6,ςο11010 135, 18. 19; 150, 2, 162, 29
63, 15 saepem 600 001 dicere 57, 3, 141,
’ 1. 4, 156, 7. 9, 600 001 quod 77,
Habere 0011101001 91, 27, 92, 4. 8. 9, 95, 22, 113, 21, 116, 1. sois,-
20, uolumen 00101001 28, 15, 29, 600 01 iis 00001161, 11 - 610
16, 00111001 0001110100 6, 9, 000· 00100401, 78, 22 , 93, 7, 116,
001001 56, 9, 168, 17 , sermonem 11, 123, 12; 0,10000,100600,100
, 06 109, 10; 0010 50, 2, necessi· hino 38, 16. 19. 20, 6100 - inde
101010 125, 9, ascensum 144, 16; 86, 5, 94,4, 6100- quod 171, 10
strepitus 606111 28, 9, fructum hodie 4, 3; 11, 7, 37, 11 , 65, 6,
167, 27, litteras in 00010100] 22, 104, 3. 8,109, 14, 129,17; 135,
5, dulcedinem 10 00 habens 101, 21,154, 2, 164, 3
50000100 - 0610 habere 4, 21, hodiernus: 0001 6061010010 131, 22
0 5, 4, 106, 18, 10 memoria 54, homicida 16, 2, 17, 10, 64, 13, 86,
8;1001001600(000001000111)113,13, 8, 160, 6, 179, 3
62, 20, 10 potestate 80, 9 - 0. homicidium uiuum 58,14, cfr. 64,
00011010011001010606010 clausum 8; 86, 11; 180, 17
42, 20, = aestimare: 010 59, 12, 600000001001010116011097,11, 110,
122,3,173,2;60600 ergo (--0000) 18, 134, 11, 10101101 162, 29,
qui fuerint 17, 7; 6060110 reos 0000060060011001000.00101001
87,10; 100106.πο00101010137, humanam) 3, 5, 147, 12, 0611-
23, sub 00 001000 6. (= subiectos) 0110000 55, 15, 98, 15 , 10011000
76, 9, 000 60600, quod possis 18, 19,64,12; 00000. 6000 128,
11, 8, cfr. 27, 8, 57, 3, 96, 20. 8.17; oppos. pecus146,21; ho·
21, 132, 17. 19, 133, 5, 01 100 0110010 genus 9, 22, 81, 22, - 8,
00 606001 114, 20 · 16, 34,10; 46, 7, 54, 22, 61, 6,
habitaculum deserere 111, 1 76, 7. 20 ; 82, 17, 139, 8, 181, 9
60611010 0006 50, 17, 10 78, 14, 79, 60001 54, 23, = dignitas 61, 6
10, 128, 15, 154, 11, 10100 88, (cfr. 001000) , 63, 13, 0101100 61,
10; 10 000 (00010) 000189, 14, 5, sanguis 65, 1. 2; 0. expoliare,
106, 10, cfr. 110, 15. 18, 143, funus, mortificare ν
19. 22 601100 publiea 83, 20, 000601010
habitus pristinus 152, 4 horreo 170, 5
60010010 32, 4, 45, 16 horrere aliquid 100, 14
6001011010. 10610000 11 · 6ο1101000100168,11. 14 .
haustibus bibere 143,15; 0011010 6011011 aliquem 35, 2, 63, 3, 06
153, 20 62, 23, 61, 14, 60110101 610000
hebetudo 0100110010 155, 6 5, 2, 6011010101110 (0011000 01)
601060013, 2, 40,17, efr. 31, 4 34, 14
601061101100-0-00118, 2, 164, 5, 60110100 14, 20
168,2 601100 (oc. dei) 12, 5. 8, 14, 18 ,
6006110034, 14, 67, 3, 85, 8 46, 23. 24, 47, 5, 48, 1
6011110011 131, 22 . hospes 39,2
hiatu 00160 (10110) 06001601124, 16 60001110 00000011 20, 19, 0100 h.
hio saepissime: 6000 tempora 124, 39, 2
6, 610 - qui 4, 17; 16, 9, 23, 21, 60011100 iugulos 63, 2, 60011110100010
38, 12; 4615, 69, 7. 12, 84, 7, 53, 2
100, 15, 128, 6, 131, 15 , 159, 22, 600110 63, 6, 105, 3, 161, 24 , 162,
160, 12; 17514, quioquid -hoo 25, 163, 2, 165, 3
160, 3, 61 (hii P) 16,16; 95, 4, 600 exeat 21, 5
600 0001001100 27, 5, horum 108, huiusmodi (i. 010100) 13, 13 , 81,

 

