uerborum et locutionum. 295

1661167 saepius repetitum 4,3-9, 161 6116 5, 8, nemo non 611,

12, 7. 8, 19, 11, 39, 10. 11 ; qui nou hebeat (ε nemo 611,
42, 2, 63, 9. 10, 66, 1, 70, 14, qui 16111.) 10, 2, 161 6111111611
87, 5, 95, 19, 100,17; 101, 6. 103, 7. 21, - o. litotes
7, 106, 6. 7, 127, 7, 128, 21, negator Petrus 106, 19
138, 251 140, 18, 152, 1516, neglegentiam operari 166, 21
160, 33. 34, 162, 19. 20; 163, neglegere 167, 6, neglegens 154,
13. 14. 17, 172, 6, 179, 6. 25,166,24;167,9.10,163166111
7. 20-22, 166 - aut 14, 5, 11611511111166,28
166 - neo - 161 150, 7. 8, negotiator 105‚6
166 - 161·167,20, 1111111166- negotium 73, 8, 139,11, 164, 3,
uel 92, 8, 166 - quidem eed 173,17;tomporisnostri (==haeo
84, 14, 161 enim — neo 12, 19. 16116611) 11, 6
20, necnon et 20, 10 161165, 1, 9, 21, 59, 16, 68, 13
166116 16, 4, 53, 9, 64, 9, 85, 4 bis, 86, 23, 123, 5 611, 131, 5,
necdum = 1611111116, 11, 18, 20; 160, 6. 7, 165, 6, 16816, 170,
87,12,112,6 8, 181, 20, nemo — nisi 112,
necessarius 11, 20, 68, 1, 94, 5, 16,16116 de 167, 19, 1611661111
103, 2, 111,18; 123, 16. 18, 141,4,6116116160,16,161111611
126, 18. 19; 146, 16, 165, 11, 35, 9, 110, 8, 129, 16, 180, 24,
173,19;megis166, 15 nemine 138, 16; nemo est qui
1666116 611 c. insin. 6, 21, 666. 6, 18, 13, nemo non 611 qui non
inf· 11611, c. 6611116. 42, 16, ) 16, 1, - 611111
13213 1611161156, 14. 19
166611111183, 13, 159, 18, 160, 4. neque — 166 12, 6,161 - neque
5. 1126211611, 20. 21;167, 6, 14, neque enim —- nisi 76,
33, 168, 11, 179, 3, (oppos. 4. 5, w. neo
16111111) 149, 16, hebere 125, 9 nequeo praetermittere 152, 15
(6111125, 1. 7), necessitutibus nequitiae genere subruere 58, 1
neiinbiifflliiti 54, 18 ”eiiiiioginioi i5193119831’1ii iii
16111116 nundinae 146, 3, eeelus sequitur aee. ems. 18,13; 121,
146, 10,1611116 incestare 54, 20, 18 , 11 38, 1, interr. 111111. - 44,
116616 1423 6, 128, 16, neseio quid 76, 12,
16111 22, 12. 20, 49, 10, 143, 8, 116116161666111611111118,14,
1111611191, 1,1. 611 dum 143, nesciocuius 18, 18. 19; 96, 9,
12311. est ut 170, 14 cfr. 19, 4; 25, 9, 85, 4, 93, 2,
negare alicui aliquid 14, 23, 15, 97, 21, 147,3
2. 3, 47, 5, 124, 11, 129, 3, nex: 16611 eunt multe genera64, 10
155, 12, 161, 20, aliquid 34, 11, 1116111111116111190,19,1461820
73,13, 118, 11, 122, 2, = ver· nihil 7, 18, 20, 24, 30, 19, 46, 9,
turolte· 1111111 6111111· ll· rt·
;,.ee.....; ‚·;‚;2‚·;
172, 1. 13. 14. 15 bie. 16 , 173, 135,17,137,12,150,1,16512.
6 611, 11. 12. 16, negatum 1427,172,8.15,111111-1111
611 16116 128, 15, 161 negare 4, 59, 20;111111 1116 29, 14, 174, 18;
20; 6, 16, 8, 7, 180, 27 (u. li· nihil emplius 116616 a 160, 19;
. 16161), 666. e. 1111. 23, 6, 50, 23, nihil 161111 611 166, 14, pronihilo ¹
107, 24, 108, 17, 125, 22, 142, heberi 122, 3, nihil humanum
4, 147, 21, 153, 10, 155, 7, 76,18,1111116116161140,5.6.
quie 119, 14 7 bie. 11
negatio nominis dei 91, 14 nimietate pluniarum 166, 31
negationumooaoeruetio:nonpossuut 1111111161 153, 4, o. 6611. 92, 20;

 

